3.37641559929  50404.0633778
3.72870424217  44023.8617462
4.54844169396  41626.7237028
5.90261948835  31732.4039745
7.0219483992  24214.4116008
7.56495193274  22929.0929283
8.0486189135  20035.4047006
9.34153925633  17964.8678747
10.574231818  13716.6013622
12.1220325067  12979.1138337
13.7236209503  11332.9208721
14.599775397  9136.68192557
15.7269463418  7771.09109544
20.9190678501  5041.47690142
21.4410238236  4176.84110625
28.1584975298  2017.35861056
33.0846625157  1539.63203244
39.3528934158  1027.33848775
43.4463139489  686.100119418
56.3470223267  297.691252009
67.8584553045  193.350340882
75.8425568594  112.89680905
115.544057264  30.1616541665
135.742091184  20.6761430187
176.028205296  8.05802564056
201.67160619  4.33985283553
180.430771596  7.0441492269
