2.83146841829  7314.68566013
3.58418212051  5429.96860439
4.48253538829  5563.14316275
5.01168365249  4482.44884614
5.46752390292  4853.32903408
6.42440742706  3908.25864749
7.45792813511  4228.56743748
8.33976052468  4002.37297425
9.21098187316  3891.8814657
10.1726270065  3586.6741412
11.3761068129  3582.00302278
12.5637953681  3301.0968419
13.5361309706  3298.23008892
15.710558569  2957.37813402
16.3052763598  2655.20917042
17.1335651579  2320.45350119
18.921248054  2026.72795166
18.4590292021  2257.04744974
20.134480768  2080.34753382
21.4211631636  1769.66993276
23.0749771482  1505.17073576
23.6575759142  1630.88969749
24.5538363834  1504.08138443
26.7770601875  1148.90067275
28.1381181165  1031.36283976
27.1055293302  926.788587507
31.0775945123  1002.89052177
29.5743523179  1117.18354661
33.0655053905  900.159847212
31.4688406344  1086.8140297
34.3112262757  687.99032069
37.4266016393  651.376965038
39.8160208434  525.144771624
42.3567605981  412.164734957
43.9754409211  510.647362613
46.7924412105  496.765924992
54.280819059  274.783173722
48.5257947767  216.103760041
54.2541020517  174.123516419
58.4698588507  227.524811921
57.7362256298  188.585194718
67.8348771857  140.115622714
67.817198973  110.050691471
77.7349201274  93.5345022946
82.695340524  73.4114199181
95.9849786414  69.4543198231
87.9748429656  59.1848122005
90.18297898  56.0757088043
102.118843412  59.0820617676
97.1427134503  46.4315733975
109.945568263  30.9999907994
119.897102638  23.0524902736
130.756956302  18.0877214014
139.116933052  15.8050220094
153.614327778  12.399330372
155.494182554  9.73736747672
169.597938395  8.50603240711
187.250070534  5.99391664949
194.310219336  4.70574355307
209.32400079  4.22310111383
239.922059482  3.4017376264
