# Dash,Taylor-1957
# Viscosity of delute He3-He4 solutions

# T,     mole%He3   tau*,sec  10^3 delta tau,sec   eta,upoise    rho_n, g/cm3

  1.515     0.0       5.432    2.270    5.793         17.03      0.01610
  1.600               5.477    2.455    5.794         15.77      0.02259
  1.740               5.572    2.815    5.798         14.82      0.03676
  1.853               5.665    3.185    5.802         15.15      0.05110
  1.946               5.764    3.580    5.806         15.87      0.06690
  2.024               5.868    4.005    5.810         16.91      0.08399
  2.102               6.010    4.680    5.815         19.44      0.10725
  2.166               6.198    5.820    5.822         25.35      0.13683
  2.375               6.267    6.91     5.830         34.92      0.14397
  2.299               6.260    6.74     5.830         33.24      0.14349
  2.139               6.100    5.200    5.819         22.01      0.12150
  2.058               5.926    4.255    5.812         17.67      0.09363
  1.987               5.815    3.785    5.808         16.33      0.07523
  1.885               5.698    3.310    5.804         15.28      0.05634
  1.663               5.518    2.605    5.796         15.05      0.02865
  1.419               5.391    2.065    5.790         19.02      0.01036
  1.325               5.362    1.890    5.789         22.20      0.00641
  1.351               5.368    1.935    5.789         21.49      0.00721
  1.480               5.417    2. 190   5.792         17.38      0.01400
  1.657               5.513    2.590    5.796         15.17      0.02789
  1.801               5.622    3.000    5.800         14.75      0.04446
  2.037               5.890    4.095    5.811         17.14      0.08767
  2.083               5.971    4.475    S.814         18.54      0.10097
  2.121               6.054    4.920    5.817         20.55      0.11431
  2.151               6.137    5.440    5.819         23.34      0.12720
  2.1713              6.240    6.065    5.824         26.55      0.14365
  2.1730              6.246    6.180    5.824         27.57      0.14403
  2.248               6.256    6.58     5.830         31.59      0.14358
  2.432               6.259    6.99     5.830         36.15      0.14214
  2.169               6.214    5.950    5.823         26.20      0.13914
  2.156               6.157    5.530    5.821         23.63      0.13063

  1.802     3.08      5.6815   3.13     5.784         13.70      0.05449
  1.893     3.22      5.7717   3.48     5.786         14.36      0.06922
  2.047     3.50      5.9962   4.55     5.792         18.42      0.10574
  2.106     3.50      6.1426   5.38     5.797         22.41      0.12909
  2.124     3.7       6.2243   5.80     5.796         24. 14     0.14280
  2.171     3.7       6.2334   6.3      5.799         29.15      0.14094
  2.137     3.7       6.2284   5.98     5.798         25.89      0.14214
  2.119     3.70      6.2266   5.69     5.798         22.94      0.14434
  2.116     3.60      6.2003   5.60     5.796         22.84      0.13948
  2.086     3.64      6.0966   5.08     5.794         20.75      0.12206
  2.001     3.50      5.9215   4.14     5.790         16.49      0.09393
  1.704     3.21      5.6101   2.89     5.783         13.80      0.04302
  1.506     3.45      5.4981   2.52     5.783         15.03      0.02585
  1.311     3.63      5.4285   2.29     5.783         17.80      0.01564
  1.277     3.81      5.4219   2.27     5.783         18.32      0.01469
  1.410     3.40      5.4586   2.39     5.783         16.23      0.02001
  1.609     3.25      5.5503   2.68     5.783         14.04      0.03377
  1.952     3.50      5.8460   3.80     5.788         15.33      0.08143

  1.826            5.43   5.7468   3.33    5.783   13.54    0.06556
  1.886            5.42   5.8077   3.58    5.785   14.21    0.07564
  1.990            5.64   5.9523   4.22    5.788   16.33    0.09978
  2.086            5.67   6.2012   5.49    5.793   21.67    0.14092
  2.134           6.0    6.2252   5.87    5.795   24.83    0.14238
  1.904            5.75   5.8301   3.69    5.785   14.65    0.07923
  1.517            6.55   5.5577   2.71    5.780   14.02    0.03494
  1.408            6.64   5.5053   2.58    5.780   15.45    0.02687
  1,318            6.69   5.4732   2.55    5.780   17.76    0.02194
  1.804            5.40   5.7253   3.26    5.782   13.53    0.06191
  1.900            5.88   5.8316   3.67    5.785   14.38    0.07974
  1.999            5.77   5.9659   4.31    5.788   16.84    0.10175
  2.047            5.85   6.0631   4.84    5.791   19.30    0.11728
  2.080            5.85   6.1611   5.43    5.792   22.31    0.13266
  2.103            6.0    6.2162   5.73    5.793   23.66    0.14175
  2.165            6.1    6.2265   6.00    5.795   26. 15   0.14161
  2. 191           6.1    6.2333   6.05    5.795   26.46    0.14261
  2.093            6.0    6.2164   5.69    5.794   23.24    0.14216
  2.062            5.95   6.1179   5.09    5.791   20.16    0.12668
  2.028            5.95   6.0293   4.63    5.790   18.18    0.11214
  1.962            5.92   5.9113   4.05    5.787   15.85    0.09274
  1.753            5.88   5.6874   3.13    5.782   13.45    0.05563
  1.659            5.68   5.6219   2.87    5.780   12.98    0.04523
  1.556            5.78   5.5639   2.69    5.780   13.40    0.03604
  1.461            6.01   5.5207   2.61    5.780   14.82    0.02924
  1.318            6.22   5.4740   2.51    5.780   16.92    0.02216
  2.048            6.06   6.0720   4.90    5.791   19.64    0.11860

  1.901            9.23   5.9160   4.07    5.794   15.92    0.09358
  1.982            9.15   6.0312   4.75    5.798   19.39    0.11136
  2.008            9.20   6.0926   5.07    5.799   20.77    0.12140
  2.151            9.3    6.1972   5.94    5.803   26.50    0.13620
  2.037            9.3    6.1864   5.59    5.800   23.16    0.13676
  2.027            9.25   6.1672   5.39    5.800   21.72    0.13443
  2.014            9.30   6.1190   5.17    5.800   20.97    0.12612
  2.000            9.25   6.0794   4.97    5.799   20.15    0.11953
  1.960            9.35   5.9990   4.56    5.797   18.43    0.10634
  1.848            9.25   5.8392   3.79    5.793   I5.44    0.08024
  1.752            9.58   5.7511   3.45    5.790   14.76    0.06556
  1.659       10.00       5.6912   3.23    5.788   14.49    0.05579
  1.557       10.15       5.6301   3.06    5.786   15.04    0.04584
  1.457       10.46       5.5786   2.95    5.785   16.27    0.03763
  1.364       10.38       5.5484   2.89    S.784   17.30    0.03293
  1.286       10.81       5.5254   2.89    5.784   19.07    0.02930
  1.903        9.45       5.9084   4. 13   5.794   16.81    0.09139
  2.095         9.3        6.2036   5.78    5.802   24;60    0.13867
  2.057         9.3        6.2006   5.67    5.801   23.55    0.13900
