# Q[pW] -- Tl[mK] -- Ts[mK]
15.487949 0.158862 0.085334
24.537591 0.160919 0.104543
30.690600 0.160844 0.113330
30.831621 0.151127 0.111418
40.128088 0.166563 0.126001
47.004609 0.167420 0.135365
51.929564 0.175361 0.141394
56.641597 0.175615 0.144990
65.596125 0.187978 0.150639
85.773083 0.205410 0.173019
89.750922 0.206431 0.178001
114.916537 0.231563 0.196166
126.573527 0.235294 0.197211
166.302809 0.273930 0.233025
214.767852 0.308569 0.264963
224.815585 0.318718 0.273187
313.508884 0.372365 0.327010
413.096371 0.424714 0.381393
