# dQ/dt, pW    Tl^2-Ts^2, 1e-9K^3
#                            dQ/dt, pW    Tl^3-Ts^3, 1e-12K^3
#                                                          dQ/dt, pW    Tl^4-Ts^4, 1e-15K^3
16.0272607873  17.9558890953 15.2351947311  3.38061262192  15.2013921804  0.606214504618
24.6488122529  14.9663376849 24.4847884808  3.01816199075  24.4791729052  0.568945957184
31.1244557667  13.0287637847 30.4646499431  2.68882121039  30.4826944236  0.550363017555
31.043445587   10.4259067107 30.4305715485  2.06382345239  31.0208467729  0.381104264665
40.3475509071  11.8668106465 39.7303860903  2.6224221488   40.3063276107  0.513115003756
46.8162999376  9.70771699525 46.250121068   2.19436163992  47.9474065163  0.494593665031
52.8403547901  10.7605994064 51.7223938099  2.55584372724  51.2259435633  0.569952105296
57.1683667314  9.81962307859 56.0736667276  2.35818903824  56.6827570512  0.532539822418
65.4262341987  12.6449048044 65.3896236669  3.21283930423  65.9725157296  0.758594609579
86.6560721439  12.2595979827 85.0331277868  3.47470486317  85.6300489214  0.909804297348
89.8826903653  10.9308414372 89.9224806202  3.1454358268   89.4475938858  0.834712794337
115.068238149  15.1424917352 114.552191958  4.85434176684  115.129182231  1.41875097321
127.092217162  16.4729374291 126.029436559  5.34700773759  126.598928486  1.56965265645
166.985421615  20.7415964866 166.51636301   7.87723886085  165.406642973  2.71844793098
215.048588872  25.011160445  214.656579462  10.7688085835  214.598387767  4.14976548878
224.912870966  26.9505441471 225.082774627  11.9852279127  224.451110271  4.75201700185
314.386029019  31.7231123766 313.668664737  16.6504525252  312.471958755  7.80235007452
413.614881053  34.9461282305 413.145292339  21.0518027471  412.528939592  11.4550167948 

