# dQ/dt, pW    Tl^3-Ts^3, 1e-12K^3
#                             dQ/dt, pW    Tl^4-Ts^4, 1e-15K^3
16.1560953854  26.419924461  16.1293736709  8.33669603973
18.140179231   33.3261696701 18.1099681788  11.1114244983
19.2468955137  33.3234380009 19.3735452513  11.1129883313
20.1966244373  34.3083998829 20.3214514604  11.2131713835
20.6731613497  36.2818357932 20.7187767475  12.3027720336
21.5440621037  37.4644534571 21.4313260885  13.0957331096
22.6523393402  38.8439464258 22.3796791071  13.3939365168
26.3780017003  47.9179663001 26.2594371039  17.854183742
29.3089155552  53.2421847779 29.2664645785  20.5311726374
35.0903541414  62.7060528773 35.042481803   25.3898063221
42.1379492969  73.3515630444 42.0051131754  31.1409976975
49.8275424733  92.4863207481 49.9286082305  42.7349624191
69.0670792045  119.096096222 68.921136739   59.986190796  













