# dQ/dt, pW    Tl^3-Ts^3, 1e-12K^3
#                             dQ/dt, pW    Tl^4-Ts^4, 1e-15K^3
2.3773843486   3.77824858757  2.43922053213  0.622845766628
4.17721094143  3.38983050847  4.30923730226  0.645205941978
4.86871399004  3.10734463277  4.93002638108  0.554453891945
5.63383117973  3.60169491525  5.69341061324  0.622318985554
6.80813335571  2.89548022599  6.94558043289  0.848745182265
7.70931923701  2.93079096045  7.6309001932   0.576679570001
9.51227834648  3.10734463277  9.70921964949  0.621668915293
14.678972982   9.95762711864  14.8100856159  2.41121147038
14.9511103653  9.0395480226   15.0805652809  2.16187590103
24.0469597807  12.040960452   24.1062304471  3.11225620614
30.9197012922  14.0889830508  31.1181068385  3.83633360373
34.1136935727  15.1483050847  34.1079957241  4.32310173179
45.8426190077  18.0437853107  45.9067149176  5.40901047818
51.8873972143  20.7627118644  51.8290231153  6.83581382772
52.646445153   20.1624293785  52.7836456893  6.26908705758 
















