0.409279583692  26.032319783
0.420517637212  20.0458822093
0.471842154204  17.291122266
0.520088878623  15.8521897184
0.548567318629  13.7912752729
0.604623648665  12.9784293001
0.708939265866  12.0043544371
0.809897646122  9.00769885532
0.861620306188  8.70051722875
1.28263864558  7.31638326271
1.71806972371  5.12238299063
1.99826640333  3.40245107503
2.24145082937  3.37389776053
2.53673536812  3.23106706739
2.86928280674  3.9837533455
2.87233238326  2.48864597089
3.88026929467  2.02057114741
4.20214279258  1.85234195923
5.52501986791  1.95307935293
5.57513287038  1.79015508604
6.04021105598  1.35485367809
7.73314327938  1.5051014826
