33399.1454902  0.000596761604727
46674.4723166  0.00112298700846
63499.8225111  0.00205597845633
96154.9837328  0.00462592586145
149571.882238  0.0104078574465
217612.792862  0.0201305900507
320912.201266  0.0378787361937
454566.716643  0.0693446795718
610386.300269  0.109132622759
819671.487255  0.1670892719

1479451.11809  0.266484462734
2704542.91736  0.575186521957
4623678.46497  1.12764645137
7800808.36749  2.0078431327
11664395.7173  3.15937705829
25744907.239  6.27731263057
27903468.0309  6.7234180573
41184777.9  8.72646209922
