25943.4604109  0.000175510870586
34823.114277  0.000325784415541
52715.862448  0.000829610122073
68888.0684946  0.00147773499818
88822.1367957  0.00259629513953

# 88779.3412083  0.00319124470816
# 120802.182037  0.0054542526677
# 175789.512732  0.00971377418683
# 249050.882997  0.0163743190992
# 352810.376434  0.0287646904849
# 579280.462913  0.0579692387475
# 820778.297909  0.0937673481902
# 990177.065513  0.121739226028

1228911.43024  0.083946021577
2072883.5017  0.164578498587
3314978.83048  0.262527564308
4891720.461  0.375179547503
9193536.24187  0.574136436759
17516793.7393  0.787032109741
28799714.6487  0.890088952439
46722296.0162  0.965966091276
67169947.2028  0.978813964731
97876679.4053  0.978263781586
