 triple micro
 Wire properties: material is NbTi       of density   6.0500 g/cm^3
  and diameter 0.04500 mm
 
  RESONANT FREQUENCY =  770.0 Hz
 
  PRESSURE IS  0.000 BAR
  Tc =   0.929 mK   TAB =  0.929 mK   viscosity at Tc =   0.22634 Pa s
  density of He-3 =   0.0819 g/cc        molar volume =  36.837 cm^3
               F1 =   5.390               magic alpha =   1.900
 
 FUDGE FACTOR FOR FINITE WIDTH CORRECTION IS 1.14
 TEMP[mK]    WIDTH      SHIFT
   20.00    84.8066    29.3974
   19.90    85.3714    29.5233
   19.80    85.9430    29.6504
   19.70    86.5215    29.7789
   19.60    87.1069    29.9088
   19.50    87.6993    30.0399
   19.40    88.2989    30.1725
   19.30    88.9059    30.3065
   19.20    89.5202    30.4418
   19.10    90.1422    30.5787
   19.00    90.7718    30.7170
   18.90    91.4092    30.8567
   18.80    92.0546    30.9980
   18.70    92.7081    31.1408
   18.60    93.3698    31.2852
   18.50    94.0400    31.4312
   18.40    94.7186    31.5788
   18.30    95.4060    31.7280
   18.20    96.1022    31.8789
   18.10    96.8074    32.0314
   18.00    97.5218    32.1857
   17.90    98.2456    32.3418
   17.80    98.9788    32.4996
   17.70    99.7217    32.6592
   17.60   100.4745    32.8207
   17.50   101.2374    32.9840
   17.40   102.0104    33.1492
   17.30   102.7940    33.3164
   17.20   103.5881    33.4855
   17.10   104.3931    33.6567
   17.00   105.2091    33.8298
   16.90   106.0363    34.0051
   16.80   106.8751    34.1824
   16.70   107.7255    34.3619
   16.60   108.5878    34.5436
   16.50   109.4623    34.7275
   16.40   110.3492    34.9137
   16.30   111.2487    35.1021
   16.20   112.1610    35.2929
   16.10   113.0866    35.4861
   16.00   114.0255    35.6817
   15.90   114.9781    35.8798
   15.80   115.9447    36.0805
   15.70   116.9255    36.2836
   15.60   117.9208    36.4895
   15.50   118.9310    36.6979
   15.40   119.9563    36.9091
   15.30   120.9971    37.1231
   15.20   122.0537    37.3399
   15.10   123.1263    37.5595
   15.00   124.2155    37.7821
   14.90   125.3214    38.0077
   14.80   126.4445    38.2363
   14.70   127.5852    38.4680
   14.60   128.7437    38.7030
   14.50   129.9206    38.9411
   14.40   131.1161    39.1825
   14.30   132.3308    39.4273
   14.20   133.5651    39.6756
   14.10   134.8193    39.9273
   14.00   136.0939    40.1826
   13.90   137.3894    40.4416
   13.80   138.7063    40.7042
   13.70   140.0450    40.9707
   13.60   141.4061    41.2411
   13.50   142.7900    41.5154
   13.40   144.1973    41.7938
   13.30   145.6286    42.0763
   13.20   147.0843    42.3630
   13.10   148.5651    42.6541
   13.00   150.0715    42.9496
   12.90   151.6042    43.2495
   12.80   153.1638    43.5541
   12.70   154.7510    43.8634
   12.60   156.3664    44.1775
   12.50   158.0106    44.4965
   12.40   159.6845    44.8205
   12.30   161.3887    45.1497
   12.20   163.1239    45.4841
   12.10   164.8910    45.8240
   12.00   166.6908    46.1693
   11.90   168.5240    46.5203
   11.80   170.3915    46.8770
   11.70   172.2942    47.2397
   11.60   174.2330    47.6084
   11.50   176.2087    47.9832
   11.40   178.2224    48.3644
   11.30   180.2751    48.7521
   11.20   182.3677    49.1465
   11.10   184.5013    49.5476
   11.00   186.6770    49.9557
   10.90   188.8958    50.3710
   10.80   191.1590    50.7936
   10.70   193.4677    51.2237
   10.60   195.8231    51.6615
   10.50   198.2265    52.1071
   10.40   200.6791    52.5609
   10.30   203.1824    53.0229
   10.20   205.7377    53.4934
   10.10   208.3464    53.9727
   10.00   211.0100    54.4609
    9.90   213.7300    54.9583
    9.80   216.5079    55.4651
    9.70   219.3455    55.9816
    9.60   222.2442    56.5080
    9.50   225.2058    57.0446
    9.40   228.2322    57.5917
    9.30   231.3250    58.1495
    9.20   234.4862    58.7183
    9.10   237.7177    59.2984
    9.00   241.0214    59.8902
    8.90   244.3994    60.4939
    8.80   247.8537    61.1099
    8.70   251.3866    61.7385
    8.60   255.0002    62.3800
    8.50   258.6968    63.0349
    8.40   262.4787    63.7034
    8.30   266.3482    64.3859
    8.20   270.3078    65.0829
    8.10   274.3600    65.7948
    8.00   278.5073    66.5218
    7.90   282.7523    67.2645
    7.80   287.0975    68.0233
    7.70   291.5457    68.7987
    7.60   296.0995    69.5910
    7.50   300.7617    70.4007
    7.40   305.5349    71.2284
    7.30   310.4220    72.0744
    7.20   315.4255    72.9393
    7.10   320.5483    73.8236
    7.00   325.7931    74.7277
    6.90   331.1623    75.6522
    6.80   336.6585    76.5976
    6.70   342.2841    77.5644
    6.60   348.0414    78.5531
    6.50   353.9325    79.5643
    6.40   359.9591    80.5983
    6.30   366.1229    81.6558
    6.20   372.4249    82.7371
    6.10   378.8661    83.8428
    6.00   385.4467    84.9733
    5.90   392.1663    86.1290
    5.80   399.0240    87.3102
    5.70   406.0178    88.5172
    5.60   413.1449    89.7503
    5.50   420.4012    91.0097
    5.40   427.7812    92.2955
    5.30   435.2780    93.6076
    5.20   442.8824    94.9458
    5.10   450.5834    96.3099
    5.00   458.3670    97.6993
    4.90   466.2164    99.1135
    4.80   474.1111   100.5514
    4.70   482.0266   102.0118
    4.60   489.9331   103.4932
    4.50   497.7957   104.9936
    4.40   505.5724   106.5106
    4.30   513.2136   108.0412
    4.20   520.6606   109.5819
    4.10   527.8444   111.1284
    4.00   534.6833   112.6757
    3.90   541.0818   114.2177
    3.80   546.9273   115.7472
    3.70   552.0882   117.2560
    3.60   556.4105   118.7344
    3.50   559.7140   120.1709
    3.40   561.7891   121.5525
    3.30   562.3915   122.8640
    3.20   561.2380   124.0883
    3.10   558.0008   125.2057
    3.00   552.3021   126.1940
    2.90   543.7090   127.0285
    2.80   531.7281   127.6819
    2.70   515.8021   128.1246
    2.60   495.3085   128.3249
    2.50   469.5625   128.2503
    2.40   437.8271   127.8684
    2.30   399.3337   127.1492
    2.20   353.3191   126.0679
    2.10   299.0879   124.6093
    2.00   236.1104   122.7736
    1.90   164.1726   120.5836
    1.80    83.5991   118.0939
    1.70    -4.4246   115.4019
    1.60   -97.3977   112.6587
    1.50  -190.8835   110.0785
    1.40  -277.6913   107.9421
    1.30  -346.8525   106.5879
    1.20  -382.4314   106.3812
    1.10  -362.3167   107.6490
    1.00  -257.3173   110.5705
    0.93  -112.5768   113.5789
 
 
 
 
 
  THE SUPERFLUID STATE
 
 TEMP[mK]     WIDTH        SHIFT      ETA/ETA(Tc)
 Now in B-phase - previously A-phase
   0.920  1025.334849   128.325970     0.5821
   0.911   960.294316   128.243719     0.4652
   0.902   956.711594   127.913663     0.4017
   0.892   973.021005   127.287838     0.3636
   0.883   986.496108   126.414511     0.3330
   0.874   993.295718   125.334807     0.3058
   0.864   996.271671   124.095250     0.2827
   0.855   996.417455   122.709196     0.2628
   0.846   993.695618   121.218330     0.2454
   0.836   988.471914   119.652072     0.2300
   0.827   993.681501   117.500128     0.2187
   0.818   992.417602   115.514222     0.2084
   0.809   989.232868   113.430755     0.1990
   0.799   984.330548   111.260767     0.1904
   0.790   977.891518   109.013996     0.1824
   0.781   970.076044   106.699063     0.1750
   0.771   961.025770   104.323621     0.1681
   0.762   950.865715   101.894493     0.1617
   0.753   939.706149    99.417785     0.1556
   0.744   927.373437    97.018208     0.1500
   0.734   923.937547    94.471835     0.1476
   0.725   919.366319    91.869202     0.1454
   0.716   913.685789    89.214417     0.1432
   0.706   906.919743    86.511669     0.1411
   0.697   899.090162    83.765256     0.1391
   0.688   890.217631    80.979601     0.1372
   0.678   880.321711    78.159276     0.1353
   0.669   869.421307    75.309015     0.1335
   0.660   857.535006    72.433735     0.1317
   0.651   844.681419    69.538543     0.1300
   0.641   829.000238    66.669892     0.1277
   0.632   812.505264    63.797780     0.1255
   0.623   795.265712    60.926191     0.1233
   0.613   777.306234    58.060158     0.1212
   0.604   758.651851    55.204889     0.1192
   0.595   739.328320    52.365778     0.1173
   0.586   719.362501    49.548406     0.1154
   0.576   698.782726    46.758539     0.1135
   0.567   677.619166    44.002119     0.1117
   0.558   655.899888    41.285437     0.1100
   0.548   637.380273    38.443482     0.1100
   0.539   617.859272    35.657193     0.1100
   0.530   597.391491    32.936677     0.1100
   0.520   576.039919    30.291794     0.1100
   0.511   553.875928    27.732033     0.1100
   0.502   530.979161    25.266384     0.1100
   0.493   507.437300    22.903206     0.1100
   0.483   483.345715    20.650103     0.1100
   0.474   458.806964    18.513792     0.1100
   0.465   433.930155    16.499988     0.1100
   0.455   408.830159    14.613294     0.1100
   0.446   383.626672    12.857109     0.1100
   0.437   358.443124    11.233554     0.1100
   0.428   333.405458     9.743420     0.1100
   0.418   308.640767     8.386143     0.1100
   0.409   284.275826     7.159802     0.1100
   0.400   260.435519     6.061160     0.1100
   0.390   237.241202     5.085728     0.1100
   0.381   214.809023     4.227864     0.1100
   0.372   193.248221     3.480900     0.1100
   0.362   172.659459     2.837308     0.1100
   0.353   153.133204     2.288875     0.1100
   0.344   134.748206     1.826906     0.1100
   0.335   117.570113     1.442438     0.1100
   0.325   101.650247     1.126449     0.1100
   0.316    87.024608     0.870069     0.1100
   0.307    73.713109     0.664774     0.1100
   0.297    61.719112     0.502551     0.1100
   0.288    51.029283     0.376039     0.1100
   0.279    41.613813     0.278630     0.1100
   0.270    33.427021     0.204532     0.1100
   0.260    26.408384     0.148788     0.1100
   0.251    20.483983     0.107262     0.1100
   0.242    15.568380     0.076588     0.1100
   0.232    11.566893     0.054094     0.1100
   0.223     8.378229     0.037707     0.1100
   0.214     5.897400     0.025855     0.1100
   0.204     4.018804     0.017360     0.1100
   0.195     2.639363     0.011350     0.1100
   0.186     1.661532     0.007176     0.1100
   0.177     0.996010     0.004353     0.1100
   0.167     0.563976     0.002509     0.1100
   0.158     0.298650     0.001359     0.1100
   0.149     0.146064     0.000683     0.1100
   0.139     0.064940     0.000313     0.1100
