0.00131641782584  0.180497261754
0.00174337640416  0.163612853854
0.00226400536627  0.147098822507
0.00266458608234  0.13583711922
0.00306529276719  0.126449233008
0.00341261388365  0.118937670648
0.00390694056478  0.109170634158
0.00430779841216  0.102031328435
0.00468197607223  0.0960175663462
0.00533683736486  0.0862430095201
0.00584474348033  0.0794734536545
0.00625913037454  0.0745821017261
0.0067269784184  0.0689387161892
0.00726171588372  0.0632921971789
0.00789004815157  0.0568917644762
0.00858526984087  0.0504881983001
0.00941421998558  0.0433288383474
0.001716267923  0.158367419435
0.00215678074189  0.144105728745
0.00254400876743  0.133219415568
0.00299810102066  0.121955205502
0.00341221078356  0.11294145601
0.00379966555289  0.105428013567
0.00421387609081  0.0979133177342
0.00462813701624  0.0911481487313
0.00505580101972  0.0847571164487
0.00548349021695  0.0787408475809
0.00587112134258  0.0738507490418
0.00629886092732  0.0685840070039
0.00664640878758  0.0644453153786
0.00220961204765  0.133984609764
0.00246333836159  0.127226961098
0.00295751388018  0.115211344118
0.00345176498005  0.104320017384
0.00371899514705  0.0994355590967
0.00394611685494  0.0949277443086
0.00444054431109  0.0866597614781
0.00469447217507  0.0829002201304
0.00498845811066  0.0780145084541
0.0052290332841  0.074630357216
0.00546960845754  0.0712462059778
0.00573693939957  0.0678608013504
0.00597753976677  0.0648514135272
0.00621814013397  0.0618420257039
0.00671271875266  0.0558226233628
0.00696674739166  0.0535621356747
0.00720737295261  0.0509275112663
0.00746137639786  0.0482922601633
0.00771537984311  0.0456570090603
0.00795605579157  0.0437719114817
0.00819670654628  0.0415120504883
0.00845073518528  0.0392515628002
0.00870476382429  0.036991075112
0.00895879246329  0.0347305874239
0.00250271620179  0.115982178567
0.00284998693074  0.107721089378
0.00298353902985  0.104341951697
0.00315719958808  0.100586170518
0.00337094341168  0.0960789824242
0.00349116801401  0.0934499982679
0.00366487895975  0.0904437439181
0.0038252120212  0.0874381162629
0.00398554508265  0.0844324886077
0.00418598660322  0.0810502174536
0.00450670311363  0.075788488973
0.00469379194367  0.0727816079285
0.00485417539263  0.0705255071031
0.00502793672588  0.068268779583
0.00524175613074  0.0648858817342
0.0055358176476  0.0611244603025
0.00574966224621  0.0581163258686
0.0060705047254  0.0547284144625
0.00625764394295  0.0524710602477
0.00657846122838  0.0487083854267
0.00676560044593  0.0464510312119
0.00708646811888  0.0434378832206
0.007300363105  0.0411792756165
0.0076212055842  0.0377913642104
0.00796882902573  0.0347769628298
0.00816939651507  0.0332685087501
0.00847686110997  0.0298812240386
0.00875764551756  0.0276194829611
0.00901167415656  0.025358995273
0.00923897222074  0.0234745243891
0.00953313451261  0.021212156617
0.00976043257679  0.0193276857331
0.0098807831479  0.0185725186513
0.00271595615027  0.103979722176
0.00292967478011  0.0990977706675
0.00314344379745  0.094965345989
0.00334380973676  0.0904587845902
0.00367780335644  0.0836973757554
0.00406530851328  0.0769334601419
0.00422561638098  0.0735530690718
0.00441270521101  0.0705461880273
0.00461319711909  0.067913443703
0.00480028594913  0.0649065626584
0.005187891881  0.0596417007045
0.00553538935375  0.0547534822494
0.00572252857129  0.0524961280347
0.00592302047937  0.0498633837103
0.00631067679876  0.0453480485862
0.00647108544147  0.0434667111756
0.00668500562136  0.0415828669864
0.00685876695461  0.0393261394663
0.00723309577721  0.0355609578666
0.0074470159571  0.0336771136774
0.00762077729035  0.0314203861573
0.00779461420487  0.0302879488819
0.00816894302747  0.0265227672821
0.00836951051682  0.0250143132025
0.00854332223758  0.0235071125122
0.00893107933199  0.0204908310475
0.00911824374329  0.0186082402477
0.00930543334834  0.0171004128627
0.00947924506911  0.0155932121724
