10  0.00299832435656  0.0377804697055
10  0.004559944298  0.0168399649707
10  0.00766289833234  0.00591812143598
10  0.0116539724864  0.00245621267189
10  0.0173733829676  0.00112112864329
10  0.0274983324612  0.000443717179509
10  0.0564215595985  0.00011449873735
10  0.100667706306  4.12115311445e-05
10  0.228234610231  1.25632469483e-05
10  0.423806516371  6.16094493489e-06
10  0.756158288149  3.65432802715e-06
10  1.52083088943  2.44180059053e-06
10  2.40714853826  2.27542128487e-06
10  3.12046742428  2.27643832115e-06

1000  0.00299832435656  0.019876583302
1000  0.00493902948134  0.00805662156022
1000  0.010133987093  0.00193577859102
1000  0.0173733829676  0.000664328250338
1000  0.0303849803299  0.000227994666848
1000  0.0510613726577  9.02444015796e-05
1000  0.0858076506674  3.74607965336e-05
1000  0.135815074714  1.88076090282e-05
1000  0.262467264235  8.38661220659e-06
1000  0.423806516371  5.09334036497e-06
1000  0.538534924347  4.21247381192e-06
1000  0.88710878203  3.0946597603e-06
1000  1.46130168273  2.62223779563e-06
1000  2.0112599614  2.56200723357e-06
1000  2.60726377768  2.68803909099e-06
1000  3.3130745919  2.88806164361e-06

5000  0.00293905756599  0.00997103010976
5000  0.00493902948134  0.00404171966447
5000  0.00846731398809  0.00142044297914
5000  0.0111978062276  0.000862364074689
5000  0.0177237213419  0.000366549968765
5000  0.0297843714392  0.000138346319845
5000  0.0500520610157  5.88105075681e-05
5000  0.0824489199834  2.68484396729e-05
5000  0.156185825918  1.11471889046e-05
5000  0.273159421926  6.30448298421e-06
5000  0.497200769266  3.92180290703e-06
5000  1.1272574686  2.74877478473e-06
5000  1.82018531801  2.88508492323e-06
5000  2.26720781277  3.0996635134e-06
5000  3.24758624753  3.66350944247e-06

20000 0.00299832435656  0.00358542035949
20000 0.00493902948134  0.00156078487158
20000 0.0066634542758  0.000903573883562
20000 0.00881224788545  0.000561773307142
20000 0.012622810702  0.000295735999891
20000 0.0180811243724  0.000159432871265
20000 0.0274983324612  8.0039541258e-05
20000 0.0418203134149  4.01819782455e-05
20000 0.0611120943654  2.32654604137e-05
20000 0.0929411608288  1.31550125692e-05
20000 0.133130467369  8.57846470237e-06
20000 0.206551760875  5.59483887938e-06
20000 0.340245121964  3.91924236571e-06
20000 0.560473280546  3.09221405957e-06
20000 0.771406398774  2.81310597865e-06
20000 1.10497537888  2.74868029907e-06
20000 1.52083088943  2.9536213766e-06
20000 1.85688978521  3.24957393365e-06
20000 2.50520881192  3.93273767993e-06
20000 3.18339238753  4.75903337271e-06
