1.72284936951  0.0290243792591
2.04948802642  0.0344064493131
2.8669162163  0.0478044758873
3.91860546636  0.0649302403085
4.82624353101  0.0814609677403
6.22577009382  0.104544785408
7.93871821476  0.132656965339
9.12155431685  0.148587178356
10.8509290978  0.172190027857
12.4676725481  0.18854239446
14.32530407  0.204119695818
16.8451695944  0.220983987927
19.5803471747  0.231239125167
23.8380947681  0.239241601475
29.0216898151  0.241970169466
37.0066697109  0.247521018923
52.9788707108  0.244729856976
66.7780089789  0.244729856976
96.7125194873  0.241970169466
2.02590393009  0.00107041150041
2.43805479733  0.00147046381983
2.80131485458  0.00199725166764
3.49032730864  0.00293688631637
4.20040117042  0.00431858507119
5.2944584003  0.00664502062779
6.52077526661  0.0101094158134
8.03113498355  0.0150350726542
9.77750573704  0.021612729548
12.6128121009  0.0293554044309
16.6513269873  0.0355971509094
20.9884138365  0.0381035997152
14.1604583394  0.0321431984802
11.1050368156  0.0253315291725
26.1507319888  0.039422248338
33.3458012809  0.0398718619684
38.3141874285  0.0403266034751
48.8558897999  0.0403266034751
63.0232468934  0.0403266034751
86.1424684755  0.0398718619684
