# ROTA measurements (vs MCT) 5-6/08/2003
# 10.2 bar
# T/Tc    f_B^2/10^10, Hz^2
0.3537927 4.2686631
0.35387275 4.2645848
0.35408414 4.2649921
0.35415795 4.2657691
0.35432968 4.2522394
0.35439317 4.2438004
0.354598 4.2486886
0.35471284 4.2475605
0.35514294 4.2547285
0.35538563 4.25236
0.35629557 4.2486127
0.35676956 4.240215
0.3580627 4.2307207
0.35851209 4.2343094
0.35937057 4.22725
0.359622 4.2281279
0.36018377 4.2146889
0.36042579 4.2155634
0.36113249 4.2214841
0.36145053 4.2192765
0.36235692 4.2134625
0.3627303 4.2071831
0.3636237 4.1969973
0.36398202 4.1952301
0.36486809 4.1996558
0.36522495 4.2059041
0.36623879 4.1970961
0.3667267 4.1925707
0.3680976 4.1938343
0.36869739 4.1936721
0.37030276 4.1842019
0.37096793 4.1855193
0.37242301 4.1859579
0.37289219 4.1835569
0.37382662 4.1727535
0.37418368 4.1701567
0.37513482 4.1626358
0.3755731 4.1658721
0.37682972 4.1560135
0.37741096 4.1498939
0.37887652 4.1482182
0.37948344 4.144684
0.38094949 4.1446719
0.38157205 4.1463653
0.38308523 4.1305894
0.38371501 4.1361723
0.38519643 4.1301664
0.38579949 4.1254624
0.38721481 4.1207049
0.38782814 4.1125618
0.38927647 4.1071551
0.38986152 4.1042206
0.39118653 4.1032748
0.39173361 4.1023396
0.39298702 4.0978255
0.39353961 4.096502
0.39502424 4.083028
0.39575665 4.0855285
0.39759305 4.0801421
0.39836019 4.075822
0.3999284 4.0653572
0.40053053 4.0756439
0.40181942 4.0566451
0.40236948 4.0514717
0.40369511 4.0631626
0.40431562 4.0576157
0.40587247 4.0453262
0.4064517 4.0422468
0.40813893 4.0343876
0.40873732 4.0371069
0.41038178 4.0294839
0.41094716 4.0313913
0.4125054 4.0195011
0.41307003 4.0195745
0.41472203 4.0070212
0.41536063 4.0075349
0.41720313 4.0164653
0.41788104 3.9989498
0.41972473 3.9883294
0.42038306 3.9941272
0.42219397 3.987922
0.42286006 3.9838331
0.42466215 3.94889
0.42532245 3.9480896
0.42703037 3.9464013
0.42765585 3.943814
0.42931959 3.9332758
0.42997012 3.936941
0.4317658 3.9252779
0.43247624 3.9269562
0.43440678 3.9174706
0.43515985 3.9148374
0.43713609 3.904795
0.43789836 3.901642
0.43982523 3.8916202
0.44052879 3.8939309
0.44218612 3.8712907
0.44280256 3.8802871
0.44435662 3.8614741
0.44498671 3.8605163
0.4466404 3.861482
0.44731598 3.8585729
0.44900587 3.8364854
0.44967382 3.8394719
0.45137013 3.8264756
0.45208708 3.8273132
0.45396621 3.8180428
0.45476629 3.8181093
0.45678967 3.8037286
0.45763962 3.801108
0.45972927 3.7919006
0.46059493 3.7899279
0.4626419 3.7721188
0.46347887 3.7779191
0.46541153 3.7648462
0.46621094 3.7571348
0.46814673 3.7409488
0.46899595 3.7394624
0.47102245 3.7350679
0.4719048 3.7318022
0.47398725 3.7194688
0.47490263 3.7135283
0.4769919 3.7032058
0.47788571 3.697802
0.47990312 3.6884363
0.48079511 3.6825766
0.48284839 3.6680952
0.48377173 3.6595704
0.48584569 3.6572611
0.48677334 3.64884
0.48880819 3.6330521
0.48972842 3.6326129
0.49173777 3.6172876
0.49264835 3.6123265
0.49457505 3.6042309
0.49543355 3.5994907
0.4972088 3.5817211
0.49798883 3.5778277
0.49952588 3.5661933
0.50022113 3.5648387
0.50177065 3.5458973
0.50258909 3.5400895
0.50446551 3.5392602
0.50541921 3.5317643
0.50743394 3.5140294
0.50842013 3.5059852
0.51045743 3.4968786
0.51146141 3.4932362
0.51350101 3.4855503
0.51450859 3.480682
0.51653324 3.4563291
0.51754861 3.4524594
0.51956198 3.4445224
0.52056779 3.4384283
0.52250185 3.4236257
0.52346712 3.4160893
0.52531373 3.4063879
0.52625755 3.4031575
0.52806823 3.3847635
0.52902634 3.3807012
0.53088521 3.3670587
0.53189262 3.3635243
0.53383708 3.3467802
0.53489878 3.3424013
0.53691772 3.323616
0.53800997 3.3247409
0.54000899 3.3127896
0.54108156 3.3075233
0.54299863 3.2876982
0.54403706 3.2849291
0.54592142 3.2635597
0.54699299 3.2574717
0.54895587 3.248943
0.5500963 3.2413815
0.55215409 3.2298282
0.55333422 3.221566
0.55538928 3.206198
0.5565701 3.2009538
0.5586024 3.1847444
0.55978719 3.1779611
0.5618027 3.1624237
0.56299048 3.1584234
0.56498764 3.1375231
0.56617258 3.1346215
0.56813221 3.1191999
0.56930527 3.1162071
0.57124194 3.1025707
0.57242729 3.0878763
0.57436037 3.0697963
0.57555829 3.0684613
0.5774863 3.0513158
0.57869667 3.0462351
0.58063343 3.0296022
0.58187294 3.02172
0.58388301 3.0096056
0.58522029 2.9992516
0.58738509 2.9892044
0.58882774 2.9777579
0.59107595 2.9614849
0.59255249 2.9537827
0.59474162 2.9404948
0.59613477 2.9328226
0.59814732 2.9186479
0.59947045 2.9085801
0.60141039 2.8943621
0.60270035 2.8839878
0.60452262 2.8681103
0.60571819 2.863597
0.6073855 2.8466945
0.60852075 2.8374871
0.61014155 2.8189001
0.61128706 2.8178988
0.61293339 2.8064898
0.61412879 2.7974277
0.61583921 2.7744998
0.61710089 2.7670507
0.61887905 2.7516624
0.6201987 2.7427517
0.62202053 2.7232924
0.62337947 2.7190086
0.62521771 2.7005187
0.6265932 2.6937463
0.62842599 2.6780565
0.62982691 2.6704152
0.63166807 2.6534553
0.63307724 2.6422258
0.6348903 2.6282064
0.63629514 2.6163781
0.63809863 2.6052583
0.63952772 2.5919293
0.64133892 2.5760277
0.6427895 2.5678382
0.64460809 2.5570726
0.64608085 2.5424756
0.64790243 2.5271691
0.64939412 2.5183357
0.651212 2.500106
0.65271544 2.4921143
0.65451587 2.4728649
0.65602329 2.4675361
0.65781164 2.4561312
0.65933216 2.441993
0.66112112 2.426729
0.66266977 2.4174469
0.66447515 2.3999574
0.66604933 2.386459
0.6678423 2.3737403
0.66941605 2.3673613
0.67118055 2.3482951
0.67274422 2.3361001
0.67447384 2.3244093
0.67603446 2.3124521
0.67774964 2.2972479
0.67932076 2.2841709
0.68103333 2.268312
0.68263096 2.2603139
0.68434669 2.2459774
0.68596077 2.2335005
0.68767232 2.2165945
0.68931053 2.2109615
0.69102704 2.1900996
0.69269164 2.1784946
0.69440653 2.1661525
0.69608815 2.1548915
0.69779903 2.1391555
0.69949455 2.1239986
0.70119409 2.1092279
0.70290324 2.0992941
0.70459678 2.0865596
0.70631938 2.0765086
0.70800689 2.0597499
0.70975655 2.0453839
0.71145324 2.0334881
0.71323803 2.0203546
0.71495303 2.0063251
0.71678645 1.9971705
0.71852586 1.979495
0.72041412 1.9669981
0.72219083 1.9530588
0.7241521 1.9407013
0.72598241 1.924994
0.72804895 1.9146712
0.72997047 1.8973139
0.73219185 1.8835795
0.73423932 1.8703514
0.73662134 1.8572971
0.73875768 1.8438899
0.74121849 1.8301457
0.74333462 1.8134571
0.7457555 1.8001062
0.74775478 1.7834425
0.74999036 1.7711578
0.75173161 1.7529914
0.75364449 1.7380908
0.75510234 1.7283494
0.7567642 1.7136441
0.7580746 1.7014725
0.75965807 1.687287
0.76093255 1.6710339
0.76255614 1.6569283
0.76390163 1.6468692
0.76569491 1.6276457
0.76716507 1.6138635
0.76910103 1.5983313
0.77061932 1.5871914
0.77259597 1.5756633
0.77409093 1.5624827
0.77603222 1.5471937
0.77748738 1.5363898
0.77943288 1.5223333
0.78089144 1.5079759
0.78289353 1.4972441
0.78438074 1.478777
0.78644175 1.4678976
0.78795246 1.4545942
0.79007646 1.4423846
0.79160603 1.4281569
0.79377254 1.4112938
0.79530313 1.4010513
0.7974795 1.3882514
0.79897513 1.3749293
0.79952992 1.3703623
0.80098999 1.3575543
0.801539 1.3549708
0.80296101 1.3418885
0.80350863 1.3413699
0.80491553 1.3270733
0.80546921 1.3260435
0.80687566 1.3128833
0.80743805 1.3120599
0.80885083 1.2989311
0.80942764 1.2970576
0.81084727 1.2856361
0.81143339 1.2824117
0.81285503 1.2702277
0.81345004 1.2669152
0.81486851 1.2548503
0.81546935 1.2542075
0.81687545 1.2397938
0.81748149 1.2366421
0.81888218 1.2249886
0.8194968 1.2225371
0.82090126 1.2118837
0.82130008 1.2104669
0.82271287 1.1974086
0.82312285 1.1967112
0.82454391 1.1865227
0.8249638 1.1846601
0.82638462 1.1707291
0.82680998 1.1689644
0.82822576 1.1596693
0.82865477 1.1588234
0.83005999 1.1470504
0.83049521 1.1434488
0.83189678 1.1332363
0.83234009 1.1302979
0.83374137 1.1195466
0.83419223 1.1180527
0.83559875 1.1089929
0.83605737 1.106724
0.83746485 1.0938871
0.83793245 1.0938805
0.83933823 1.0816689
0.83981288 1.0798751
0.84120885 1.0688839
0.84168638 1.0677317
0.84307167 1.0573343
0.84355175 1.0564182
0.84492298 1.0435628
0.84540743 1.0425878
0.84676728 1.0316917
0.84725654 1.02947
0.8486038 1.0197244
0.84909555 1.0178068
0.85043192 1.0060097
0.85092563 1.0038965
0.85225002 0.99288686
0.85274555 0.99152938
0.85405692 0.97990124
0.85455764 0.97845721
0.85586242 0.96798918
0.85637007 0.96752249
0.85766989 0.95584001
0.85818337 0.95270844
0.85948434 0.94184563
0.86000546 0.93983689
0.86131065 0.93054984
0.86184001 0.92830933
0.86314708 0.9180296
0.86368662 0.91451432
0.86499454 0.9047897
0.86554195 0.90339143
0.86684104 0.8928991
0.86739063 0.89038144
0.86867712 0.88039022
0.86922787 0.87858418
0.87050259 0.86778231
0.87105525 0.86467609
0.87231864 0.85457997
0.87287685 0.85304237
0.87413462 0.84302417
0.87470004 0.84049551
0.87595286 0.83080121
0.87652387 0.82756377
0.87777429 0.8169275
0.87835054 0.81414903
0.87959375 0.80454377
0.88017588 0.80207078
0.88141164 0.79146463
0.88199672 0.78893043
0.88322533 0.77838688
0.88381671 0.77684762
0.88503951 0.76562069
0.88563727 0.76251339
0.88686101 0.75234852
0.88746635 0.74901125
0.88869133 0.73989912
0.8893044 0.73663152
0.89052984 0.72410986
0.89115321 0.72459062
0.89237859 0.71264044
0.89301041 0.7109747
0.89422995 0.69963511
0.89486632 0.6976286
0.89607968 0.68633951
0.89671927 0.68373394
0.89792227 0.67217387
0.89856657 0.67160674
0.89976056 0.66089674
0.90040954 0.65670273
0.901594 0.64874196
0.902247 0.64371179
0.90342539 0.6337845
0.90408094 0.6302817
0.90524848 0.61940006
0.9059041 0.61869686
0.90705648 0.60555841
0.90771437 0.60438981
0.90885504 0.59361423
0.90951416 0.58971448
0.91064635 0.58020562
0.9113114 0.57682629
0.91243916 0.56424836
0.91311273 0.56464815
0.91424757 0.5519864
0.91493545 0.5505163
0.91608445 0.54102144
0.91679351 0.53617942
0.91795878 0.5251343
0.91868466 0.52339399
0.9198529 0.5100257
0.92058692 0.51199223
0.92175065 0.49710752
0.92249285 0.49672132
0.9236542 0.48655104
0.92440335 0.48205275
0.92556357 0.47214958
0.92632178 0.46935963
