# T_c [mK] vs P [bar] (Greywall86)
# P he3_tc
0.000000e+00 9.293837e-01
1.806842e+00 1.158772e+00
3.613684e+00 1.351178e+00
5.420526e+00 1.513648e+00
7.227368e+00 1.652010e+00
9.034211e+00 1.770995e+00
1.084105e+01 1.874359e+00
1.264789e+01 1.965008e+00
1.445474e+01 2.045116e+00
1.626158e+01 2.116253e+00
1.806842e+01 2.179501e+00
1.987526e+01 2.235584e+00
2.168211e+01 2.284983e+00
2.348895e+01 2.328065e+00
2.529579e+01 2.365203e+00
2.710263e+01 2.396894e+00
2.890947e+01 2.423890e+00
3.071632e+01 2.447315e+00
3.252316e+01 2.468787e+00
3.433000e+01 2.490544e+00
