# heat capacity, Cv vs T,V
# T V he3_cv_n
1.600000e-01 2.617000e+01 2.977752e-01
1.700000e-01 2.617000e+01 3.005680e-01
1.800000e-01 2.617000e+01 3.028129e-01
1.900000e-01 2.617000e+01 3.046156e-01
2.000000e-01 2.617000e+01 3.060608e-01
2.100000e-01 2.617000e+01 3.072159e-01
2.200000e-01 2.617000e+01 3.081356e-01
2.300000e-01 2.617000e+01 3.088647e-01
2.400000e-01 2.617000e+01 3.094398e-01
2.500000e-01 2.617000e+01 3.098918e-01
2.600000e-01 2.617000e+01 3.102469e-01
2.700000e-01 2.617000e+01 3.105274e-01
2.800000e-01 2.617000e+01 3.107524e-01
2.900000e-01 2.617000e+01 3.109388e-01
3.000000e-01 2.617000e+01 3.111010e-01
3.100000e-01 2.617000e+01 3.112515e-01
3.200000e-01 2.617000e+01 3.114012e-01
3.300000e-01 2.617000e+01 3.115590e-01
3.400000e-01 2.617000e+01 3.117325e-01
3.500000e-01 2.617000e+01 3.119278e-01
3.600000e-01 2.617000e+01 3.121496e-01
3.700000e-01 2.617000e+01 3.124013e-01
3.800000e-01 2.617000e+01 3.126852e-01
3.900000e-01 2.617000e+01 3.130023e-01
4.000000e-01 2.617000e+01 3.133530e-01
4.100000e-01 2.617000e+01 3.137364e-01
4.200000e-01 2.617000e+01 3.141513e-01
4.300000e-01 2.617000e+01 3.145955e-01
4.400000e-01 2.617000e+01 3.150665e-01
4.500000e-01 2.617000e+01 3.155614e-01
4.600000e-01 2.617000e+01 3.160769e-01
4.700000e-01 2.617000e+01 3.166096e-01
4.800000e-01 2.617000e+01 3.171560e-01
4.900000e-01 2.617000e+01 3.177124e-01
5.000000e-01 2.617000e+01 3.182754e-01
5.100000e-01 2.617000e+01 3.188415e-01
5.200000e-01 2.617000e+01 3.194074e-01
5.300000e-01 2.617000e+01 3.199700e-01
5.400000e-01 2.617000e+01 3.205265e-01
5.500000e-01 2.617000e+01 3.210742e-01
5.600000e-01 2.617000e+01 3.216108e-01
5.700000e-01 2.617000e+01 3.221343e-01
5.800000e-01 2.617000e+01 3.226429e-01
5.900000e-01 2.617000e+01 3.231351e-01
6.000000e-01 2.617000e+01 3.236097e-01
6.100000e-01 2.617000e+01 3.240659e-01
6.200000e-01 2.617000e+01 3.245030e-01
6.300000e-01 2.617000e+01 3.249206e-01
6.400000e-01 2.617000e+01 3.253187e-01
6.500000e-01 2.617000e+01 3.256974e-01
6.600000e-01 2.617000e+01 3.260569e-01
6.700000e-01 2.617000e+01 3.263979e-01
6.800000e-01 2.617000e+01 3.267211e-01
6.900000e-01 2.617000e+01 3.270273e-01
7.000000e-01 2.617000e+01 3.273176e-01
7.100000e-01 2.617000e+01 3.275931e-01
7.200000e-01 2.617000e+01 3.278551e-01
7.300000e-01 2.617000e+01 3.281049e-01
7.400000e-01 2.617000e+01 3.283440e-01
7.500000e-01 2.617000e+01 3.285739e-01
7.600000e-01 2.617000e+01 3.287961e-01
7.700000e-01 2.617000e+01 3.290123e-01
7.800000e-01 2.617000e+01 3.292241e-01
7.900000e-01 2.617000e+01 3.294330e-01
8.000000e-01 2.617000e+01 3.296408e-01
8.100000e-01 2.617000e+01 3.298491e-01
8.200000e-01 2.617000e+01 3.300594e-01
8.300000e-01 2.617000e+01 3.302734e-01
8.400000e-01 2.617000e+01 3.304927e-01
8.500000e-01 2.617000e+01 3.307188e-01
8.600000e-01 2.617000e+01 3.309532e-01
8.700000e-01 2.617000e+01 3.311973e-01
8.800000e-01 2.617000e+01 3.314526e-01
8.900000e-01 2.617000e+01 3.317204e-01
9.000000e-01 2.617000e+01 3.320020e-01
9.100000e-01 2.617000e+01 3.322986e-01
9.200000e-01 2.617000e+01 3.326115e-01
9.300000e-01 2.617000e+01 3.329417e-01
9.400000e-01 2.617000e+01 3.332904e-01
9.500000e-01 2.617000e+01 3.336584e-01
9.600000e-01 2.617000e+01 3.340469e-01
9.700000e-01 2.617000e+01 3.344565e-01
9.800000e-01 2.617000e+01 3.348882e-01
9.900000e-01 2.617000e+01 3.353426e-01
1.000000e+00 2.617000e+01 3.358206e-01
1.010000e+00 2.617000e+01 3.363227e-01
1.020000e+00 2.617000e+01 3.368495e-01
1.030000e+00 2.617000e+01 3.374015e-01
1.040000e+00 2.617000e+01 3.379791e-01
1.050000e+00 2.617000e+01 3.385829e-01
1.060000e+00 2.617000e+01 3.392131e-01
1.070000e+00 2.617000e+01 3.398700e-01
1.080000e+00 2.617000e+01 3.405539e-01
1.090000e+00 2.617000e+01 3.412651e-01
1.100000e+00 2.617000e+01 3.420036e-01
1.110000e+00 2.617000e+01 3.427695e-01
1.120000e+00 2.617000e+01 3.435631e-01
1.130000e+00 2.617000e+01 3.443842e-01
1.140000e+00 2.617000e+01 3.452329e-01
1.150000e+00 2.617000e+01 3.461092e-01
1.160000e+00 2.617000e+01 3.470129e-01
1.170000e+00 2.617000e+01 3.479440e-01
1.180000e+00 2.617000e+01 3.489024e-01
1.190000e+00 2.617000e+01 3.498878e-01
1.200000e+00 2.617000e+01 3.509000e-01
1.210000e+00 2.617000e+01 3.519389e-01
1.220000e+00 2.617000e+01 3.530042e-01
1.230000e+00 2.617000e+01 3.540956e-01
1.240000e+00 2.617000e+01 3.552128e-01
1.250000e+00 2.617000e+01 3.563555e-01
1.260000e+00 2.617000e+01 3.575234e-01
1.270000e+00 2.617000e+01 3.587161e-01
1.280000e+00 2.617000e+01 3.599333e-01
1.290000e+00 2.617000e+01 3.611745e-01
1.300000e+00 2.617000e+01 3.624394e-01
1.310000e+00 2.617000e+01 3.637276e-01
1.320000e+00 2.617000e+01 3.650386e-01
1.330000e+00 2.617000e+01 3.663721e-01
1.340000e+00 2.617000e+01 3.677275e-01
1.350000e+00 2.617000e+01 3.691045e-01
1.360000e+00 2.617000e+01 3.705025e-01
1.370000e+00 2.617000e+01 3.719212e-01
1.380000e+00 2.617000e+01 3.733600e-01
1.390000e+00 2.617000e+01 3.748185e-01
1.400000e+00 2.617000e+01 3.762962e-01
1.410000e+00 2.617000e+01 3.777926e-01
1.420000e+00 2.617000e+01 3.793073e-01
1.430000e+00 2.617000e+01 3.808397e-01
1.440000e+00 2.617000e+01 3.823894e-01
1.450000e+00 2.617000e+01 3.839559e-01
1.460000e+00 2.617000e+01 3.855387e-01
1.470000e+00 2.617000e+01 3.871373e-01
1.480000e+00 2.617000e+01 3.887512e-01
1.490000e+00 2.617000e+01 3.903800e-01
1.500000e+00 2.617000e+01 3.920232e-01
1.510000e+00 2.617000e+01 3.936803e-01
1.520000e+00 2.617000e+01 3.953507e-01
1.530000e+00 2.617000e+01 3.970342e-01
1.540000e+00 2.617000e+01 3.987301e-01
1.550000e+00 2.617000e+01 4.004380e-01
1.560000e+00 2.617000e+01 4.021574e-01
1.570000e+00 2.617000e+01 4.038880e-01
1.580000e+00 2.617000e+01 4.056292e-01
1.590000e+00 2.617000e+01 4.073806e-01
1.600000e+00 2.617000e+01 4.091417e-01
1.610000e+00 2.617000e+01 4.109121e-01
1.620000e+00 2.617000e+01 4.126914e-01
1.630000e+00 2.617000e+01 4.144792e-01
1.640000e+00 2.617000e+01 4.162750e-01
1.650000e+00 2.617000e+01 4.180784e-01
1.660000e+00 2.617000e+01 4.198890e-01
1.670000e+00 2.617000e+01 4.217064e-01
1.680000e+00 2.617000e+01 4.235302e-01
1.690000e+00 2.617000e+01 4.253600e-01
1.700000e+00 2.617000e+01 4.271954e-01
1.710000e+00 2.617000e+01 4.290360e-01
1.720000e+00 2.617000e+01 4.308815e-01
1.730000e+00 2.617000e+01 4.327316e-01
1.740000e+00 2.617000e+01 4.345857e-01
1.750000e+00 2.617000e+01 4.364437e-01
1.760000e+00 2.617000e+01 4.383050e-01
1.770000e+00 2.617000e+01 4.401695e-01
1.780000e+00 2.617000e+01 4.420368e-01
1.790000e+00 2.617000e+01 4.439064e-01
1.800000e+00 2.617000e+01 4.457782e-01
1.810000e+00 2.617000e+01 4.476518e-01
1.820000e+00 2.617000e+01 4.495268e-01
1.830000e+00 2.617000e+01 4.514030e-01
1.840000e+00 2.617000e+01 4.532802e-01
1.850000e+00 2.617000e+01 4.551579e-01
1.860000e+00 2.617000e+01 4.570359e-01
1.870000e+00 2.617000e+01 4.589139e-01
1.880000e+00 2.617000e+01 4.607917e-01
1.890000e+00 2.617000e+01 4.626690e-01
1.900000e+00 2.617000e+01 4.645455e-01
1.910000e+00 2.617000e+01 4.664210e-01
1.920000e+00 2.617000e+01 4.682952e-01
1.930000e+00 2.617000e+01 4.701680e-01
1.940000e+00 2.617000e+01 4.720389e-01
1.950000e+00 2.617000e+01 4.739079e-01
1.960000e+00 2.617000e+01 4.757746e-01
1.970000e+00 2.617000e+01 4.776390e-01
1.980000e+00 2.617000e+01 4.795007e-01
1.990000e+00 2.617000e+01 4.813595e-01
2.000000e+00 2.617000e+01 4.832153e-01
2.010000e+00 2.617000e+01 4.850678e-01
2.020000e+00 2.617000e+01 4.869169e-01
2.030000e+00 2.617000e+01 4.887623e-01
2.040000e+00 2.617000e+01 4.906039e-01
2.050000e+00 2.617000e+01 4.924416e-01
2.060000e+00 2.617000e+01 4.942750e-01
2.070000e+00 2.617000e+01 4.961041e-01
2.080000e+00 2.617000e+01 4.979287e-01
2.090000e+00 2.617000e+01 4.997487e-01
2.100000e+00 2.617000e+01 5.015638e-01
2.110000e+00 2.617000e+01 5.033739e-01
2.120000e+00 2.617000e+01 5.051789e-01
2.130000e+00 2.617000e+01 5.069787e-01
2.140000e+00 2.617000e+01 5.087731e-01
2.150000e+00 2.617000e+01 5.105619e-01
2.160000e+00 2.617000e+01 5.123451e-01
2.170000e+00 2.617000e+01 5.141226e-01
2.180000e+00 2.617000e+01 5.158941e-01
2.190000e+00 2.617000e+01 5.176595e-01
2.200000e+00 2.617000e+01 5.194189e-01
2.210000e+00 2.617000e+01 5.211720e-01
2.220000e+00 2.617000e+01 5.229188e-01
2.230000e+00 2.617000e+01 5.246591e-01
2.240000e+00 2.617000e+01 5.263928e-01
2.250000e+00 2.617000e+01 5.281200e-01
2.260000e+00 2.617000e+01 5.298403e-01
2.270000e+00 2.617000e+01 5.315539e-01
2.280000e+00 2.617000e+01 5.332605e-01
2.290000e+00 2.617000e+01 5.349601e-01
2.300000e+00 2.617000e+01 5.366527e-01
2.310000e+00 2.617000e+01 5.383381e-01
2.320000e+00 2.617000e+01 5.400163e-01
2.330000e+00 2.617000e+01 5.416872e-01
2.340000e+00 2.617000e+01 5.433508e-01
2.350000e+00 2.617000e+01 5.450069e-01
2.360000e+00 2.617000e+01 5.466555e-01
2.370000e+00 2.617000e+01 5.482966e-01
2.380000e+00 2.617000e+01 5.499300e-01
2.390000e+00 2.617000e+01 5.515559e-01
2.400000e+00 2.617000e+01 5.531740e-01
2.410000e+00 2.617000e+01 5.547843e-01
2.420000e+00 2.617000e+01 5.563869e-01
2.430000e+00 2.617000e+01 5.579816e-01
2.440000e+00 2.617000e+01 5.595684e-01
2.450000e+00 2.617000e+01 5.611472e-01
2.460000e+00 2.617000e+01 5.627181e-01
2.470000e+00 2.617000e+01 5.642810e-01
2.480000e+00 2.617000e+01 5.658359e-01
2.490000e+00 2.617000e+01 5.673827e-01
2.500000e+00 2.617000e+01 nan
