# Vapor pressure [bar] vs T [K]
# T he3_pvap
1.000000e+00 1.178890e-02
1.122315e+00 2.002422e-02
1.244631e+00 3.145360e-02
1.366946e+00 4.656998e-02
1.489261e+00 6.584974e-02
1.611576e+00 8.975591e-02
1.733892e+00 1.187408e-01
1.856207e+00 1.532478e-01
1.978522e+00 1.937134e-01
2.100837e+00 2.405691e-01
2.223153e+00 2.942444e-01
2.345468e+00 3.551708e-01
2.467783e+00 4.237878e-01
2.590098e+00 5.005508e-01
2.712414e+00 5.859420e-01
2.834729e+00 6.804845e-01
2.957044e+00 7.847594e-01
3.079359e+00 8.994285e-01
3.201675e+00 1.025260e+00
3.323990e+00 1.163163e+00
