# heat capacity, Cv vs T,Vm
# T V he3_cv_n
1.600000e-01 2.684000e+01 2.976347e-01
1.700000e-01 2.684000e+01 3.008743e-01
1.800000e-01 2.684000e+01 3.035293e-01
1.900000e-01 2.684000e+01 3.057088e-01
2.000000e-01 2.684000e+01 3.075002e-01
2.100000e-01 2.684000e+01 3.089739e-01
2.200000e-01 2.684000e+01 3.101866e-01
2.300000e-01 2.684000e+01 3.111850e-01
2.400000e-01 2.684000e+01 3.120074e-01
2.500000e-01 2.684000e+01 3.126858e-01
2.600000e-01 2.684000e+01 3.132472e-01
2.700000e-01 2.684000e+01 3.137149e-01
2.800000e-01 2.684000e+01 3.141088e-01
2.900000e-01 2.684000e+01 3.144461e-01
3.000000e-01 2.684000e+01 3.147423e-01
3.100000e-01 2.684000e+01 3.150105e-01
3.200000e-01 2.684000e+01 3.152626e-01
3.300000e-01 2.684000e+01 3.155085e-01
3.400000e-01 2.684000e+01 3.157572e-01
3.500000e-01 2.684000e+01 3.160160e-01
3.600000e-01 2.684000e+01 3.162910e-01
3.700000e-01 2.684000e+01 3.165875e-01
3.800000e-01 2.684000e+01 3.169091e-01
3.900000e-01 2.684000e+01 3.172588e-01
4.000000e-01 2.684000e+01 3.176386e-01
4.100000e-01 2.684000e+01 3.180495e-01
4.200000e-01 2.684000e+01 3.184916e-01
4.300000e-01 2.684000e+01 3.189647e-01
4.400000e-01 2.684000e+01 3.194677e-01
4.500000e-01 2.684000e+01 3.199990e-01
4.600000e-01 2.684000e+01 3.205568e-01
4.700000e-01 2.684000e+01 3.211386e-01
4.800000e-01 2.684000e+01 3.217420e-01
4.900000e-01 2.684000e+01 3.223643e-01
5.000000e-01 2.684000e+01 3.230027e-01
5.100000e-01 2.684000e+01 3.236542e-01
5.200000e-01 2.684000e+01 3.243160e-01
5.300000e-01 2.684000e+01 3.249854e-01
5.400000e-01 2.684000e+01 3.256597e-01
5.500000e-01 2.684000e+01 3.263362e-01
5.600000e-01 2.684000e+01 3.270126e-01
5.700000e-01 2.684000e+01 3.276868e-01
5.800000e-01 2.684000e+01 3.283566e-01
5.900000e-01 2.684000e+01 3.290204e-01
6.000000e-01 2.684000e+01 3.296765e-01
6.100000e-01 2.684000e+01 3.303237e-01
6.200000e-01 2.684000e+01 3.309608e-01
6.300000e-01 2.684000e+01 3.315869e-01
6.400000e-01 2.684000e+01 3.322013e-01
6.500000e-01 2.684000e+01 3.328037e-01
6.600000e-01 2.684000e+01 3.333937e-01
6.700000e-01 2.684000e+01 3.339713e-01
6.800000e-01 2.684000e+01 3.345365e-01
6.900000e-01 2.684000e+01 3.350897e-01
7.000000e-01 2.684000e+01 3.356313e-01
7.100000e-01 2.684000e+01 3.361618e-01
7.200000e-01 2.684000e+01 3.366818e-01
7.300000e-01 2.684000e+01 3.371923e-01
7.400000e-01 2.684000e+01 3.376941e-01
7.500000e-01 2.684000e+01 3.381881e-01
7.600000e-01 2.684000e+01 3.386754e-01
7.700000e-01 2.684000e+01 3.391572e-01
7.800000e-01 2.684000e+01 3.396345e-01
7.900000e-01 2.684000e+01 3.401086e-01
8.000000e-01 2.684000e+01 3.405808e-01
8.100000e-01 2.684000e+01 3.410522e-01
8.200000e-01 2.684000e+01 3.415241e-01
8.300000e-01 2.684000e+01 3.419979e-01
8.400000e-01 2.684000e+01 3.424747e-01
8.500000e-01 2.684000e+01 3.429559e-01
8.600000e-01 2.684000e+01 3.434426e-01
8.700000e-01 2.684000e+01 3.439361e-01
8.800000e-01 2.684000e+01 3.444376e-01
8.900000e-01 2.684000e+01 3.449482e-01
9.000000e-01 2.684000e+01 3.454691e-01
9.100000e-01 2.684000e+01 3.460014e-01
9.200000e-01 2.684000e+01 3.465460e-01
9.300000e-01 2.684000e+01 3.471042e-01
9.400000e-01 2.684000e+01 3.476767e-01
9.500000e-01 2.684000e+01 3.482645e-01
9.600000e-01 2.684000e+01 3.488685e-01
9.700000e-01 2.684000e+01 3.494896e-01
9.800000e-01 2.684000e+01 3.501284e-01
9.900000e-01 2.684000e+01 3.507858e-01
1.000000e+00 2.684000e+01 3.514624e-01
1.010000e+00 2.684000e+01 3.521589e-01
1.020000e+00 2.684000e+01 3.528757e-01
1.030000e+00 2.684000e+01 3.536136e-01
1.040000e+00 2.684000e+01 3.543729e-01
1.050000e+00 2.684000e+01 3.551541e-01
1.060000e+00 2.684000e+01 3.559576e-01
1.070000e+00 2.684000e+01 3.567837e-01
1.080000e+00 2.684000e+01 3.576329e-01
1.090000e+00 2.684000e+01 3.585052e-01
1.100000e+00 2.684000e+01 3.594010e-01
1.110000e+00 2.684000e+01 3.603204e-01
1.120000e+00 2.684000e+01 3.612636e-01
1.130000e+00 2.684000e+01 3.622307e-01
1.140000e+00 2.684000e+01 3.632218e-01
1.150000e+00 2.684000e+01 3.642369e-01
1.160000e+00 2.684000e+01 3.652761e-01
1.170000e+00 2.684000e+01 3.663392e-01
1.180000e+00 2.684000e+01 3.674262e-01
1.190000e+00 2.684000e+01 3.685371e-01
1.200000e+00 2.684000e+01 3.696718e-01
1.210000e+00 2.684000e+01 3.708301e-01
1.220000e+00 2.684000e+01 3.720118e-01
1.230000e+00 2.684000e+01 3.732168e-01
1.240000e+00 2.684000e+01 3.744449e-01
1.250000e+00 2.684000e+01 3.756958e-01
1.260000e+00 2.684000e+01 3.769693e-01
1.270000e+00 2.684000e+01 3.782651e-01
1.280000e+00 2.684000e+01 3.795829e-01
1.290000e+00 2.684000e+01 3.809225e-01
1.300000e+00 2.684000e+01 3.822835e-01
1.310000e+00 2.684000e+01 3.836656e-01
1.320000e+00 2.684000e+01 3.850685e-01
1.330000e+00 2.684000e+01 3.864918e-01
1.340000e+00 2.684000e+01 3.879352e-01
1.350000e+00 2.684000e+01 3.893982e-01
1.360000e+00 2.684000e+01 3.908805e-01
1.370000e+00 2.684000e+01 3.923818e-01
1.380000e+00 2.684000e+01 3.939015e-01
1.390000e+00 2.684000e+01 3.954394e-01
1.400000e+00 2.684000e+01 3.969950e-01
1.410000e+00 2.684000e+01 3.985678e-01
1.420000e+00 2.684000e+01 4.001576e-01
1.430000e+00 2.684000e+01 4.017638e-01
1.440000e+00 2.684000e+01 4.033860e-01
1.450000e+00 2.684000e+01 4.050239e-01
1.460000e+00 2.684000e+01 4.066769e-01
1.470000e+00 2.684000e+01 4.083446e-01
1.480000e+00 2.684000e+01 4.100267e-01
1.490000e+00 2.684000e+01 4.117227e-01
1.500000e+00 2.684000e+01 4.134321e-01
1.510000e+00 2.684000e+01 4.151546e-01
1.520000e+00 2.684000e+01 4.168897e-01
1.530000e+00 2.684000e+01 4.186369e-01
1.540000e+00 2.684000e+01 4.203959e-01
1.550000e+00 2.684000e+01 4.221662e-01
1.560000e+00 2.684000e+01 4.239474e-01
1.570000e+00 2.684000e+01 4.257391e-01
1.580000e+00 2.684000e+01 4.275409e-01
1.590000e+00 2.684000e+01 4.293523e-01
1.600000e+00 2.684000e+01 4.311730e-01
1.610000e+00 2.684000e+01 4.330025e-01
1.620000e+00 2.684000e+01 4.348405e-01
1.630000e+00 2.684000e+01 4.366865e-01
1.640000e+00 2.684000e+01 4.385402e-01
1.650000e+00 2.684000e+01 4.404012e-01
1.660000e+00 2.684000e+01 4.422690e-01
1.670000e+00 2.684000e+01 4.441434e-01
1.680000e+00 2.684000e+01 4.460239e-01
1.690000e+00 2.684000e+01 4.479102e-01
1.700000e+00 2.684000e+01 4.498018e-01
1.710000e+00 2.684000e+01 4.516986e-01
1.720000e+00 2.684000e+01 4.536000e-01
1.730000e+00 2.684000e+01 4.555057e-01
1.740000e+00 2.684000e+01 4.574155e-01
1.750000e+00 2.684000e+01 4.593289e-01
1.760000e+00 2.684000e+01 4.612457e-01
1.770000e+00 2.684000e+01 4.631655e-01
1.780000e+00 2.684000e+01 4.650880e-01
1.790000e+00 2.684000e+01 4.670128e-01
1.800000e+00 2.684000e+01 4.689398e-01
1.810000e+00 2.684000e+01 4.708685e-01
1.820000e+00 2.684000e+01 4.727986e-01
1.830000e+00 2.684000e+01 4.747300e-01
1.840000e+00 2.684000e+01 4.766622e-01
1.850000e+00 2.684000e+01 4.785950e-01
1.860000e+00 2.684000e+01 4.805282e-01
1.870000e+00 2.684000e+01 4.824614e-01
1.880000e+00 2.684000e+01 4.843944e-01
1.890000e+00 2.684000e+01 4.863270e-01
1.900000e+00 2.684000e+01 4.882589e-01
1.910000e+00 2.684000e+01 4.901898e-01
1.920000e+00 2.684000e+01 4.921194e-01
1.930000e+00 2.684000e+01 4.940477e-01
1.940000e+00 2.684000e+01 4.959743e-01
1.950000e+00 2.684000e+01 4.978989e-01
1.960000e+00 2.684000e+01 4.998215e-01
1.970000e+00 2.684000e+01 5.017417e-01
1.980000e+00 2.684000e+01 5.036593e-01
1.990000e+00 2.684000e+01 5.055743e-01
2.000000e+00 2.684000e+01 5.074862e-01
2.010000e+00 2.684000e+01 5.093950e-01
2.020000e+00 2.684000e+01 5.113004e-01
2.030000e+00 2.684000e+01 5.132023e-01
2.040000e+00 2.684000e+01 5.151005e-01
2.050000e+00 2.684000e+01 5.169948e-01
2.060000e+00 2.684000e+01 5.188850e-01
2.070000e+00 2.684000e+01 5.207710e-01
2.080000e+00 2.684000e+01 5.226526e-01
2.090000e+00 2.684000e+01 5.245296e-01
2.100000e+00 2.684000e+01 5.264019e-01
2.110000e+00 2.684000e+01 5.282694e-01
2.120000e+00 2.684000e+01 5.301318e-01
2.130000e+00 2.684000e+01 5.319891e-01
2.140000e+00 2.684000e+01 5.338411e-01
2.150000e+00 2.684000e+01 5.356876e-01
2.160000e+00 2.684000e+01 5.375286e-01
2.170000e+00 2.684000e+01 5.393639e-01
2.180000e+00 2.684000e+01 5.411934e-01
2.190000e+00 2.684000e+01 5.430169e-01
2.200000e+00 2.684000e+01 5.448344e-01
2.210000e+00 2.684000e+01 5.466458e-01
2.220000e+00 2.684000e+01 5.484509e-01
2.230000e+00 2.684000e+01 5.502496e-01
2.240000e+00 2.684000e+01 5.520418e-01
2.250000e+00 2.684000e+01 5.538275e-01
2.260000e+00 2.684000e+01 5.556065e-01
2.270000e+00 2.684000e+01 5.573788e-01
2.280000e+00 2.684000e+01 5.591442e-01
2.290000e+00 2.684000e+01 5.609026e-01
2.300000e+00 2.684000e+01 5.626541e-01
2.310000e+00 2.684000e+01 5.643984e-01
2.320000e+00 2.684000e+01 5.661356e-01
2.330000e+00 2.684000e+01 5.678656e-01
2.340000e+00 2.684000e+01 5.695882e-01
2.350000e+00 2.684000e+01 5.713034e-01
2.360000e+00 2.684000e+01 5.730112e-01
2.370000e+00 2.684000e+01 5.747115e-01
2.380000e+00 2.684000e+01 5.764042e-01
2.390000e+00 2.684000e+01 5.780893e-01
2.400000e+00 2.684000e+01 5.797667e-01
2.410000e+00 2.684000e+01 5.814363e-01
2.420000e+00 2.684000e+01 5.830982e-01
2.430000e+00 2.684000e+01 5.847522e-01
2.440000e+00 2.684000e+01 5.863984e-01
2.450000e+00 2.684000e+01 5.880366e-01
2.460000e+00 2.684000e+01 5.896669e-01
2.470000e+00 2.684000e+01 5.912891e-01
2.480000e+00 2.684000e+01 5.929034e-01
2.490000e+00 2.684000e+01 5.945095e-01
2.500000e+00 2.684000e+01 nan
