# heat capacity, Cv vs T,Vm
# T V he3_cv_n
1.600000e-01 3.039000e+01 2.973700e-01
1.700000e-01 3.039000e+01 3.027464e-01
1.800000e-01 3.039000e+01 3.073816e-01
1.900000e-01 3.039000e+01 3.113960e-01
2.000000e-01 3.039000e+01 3.148888e-01
2.100000e-01 3.039000e+01 3.179412e-01
2.200000e-01 3.039000e+01 3.206204e-01
2.300000e-01 3.039000e+01 3.229817e-01
2.400000e-01 3.039000e+01 3.250715e-01
2.500000e-01 3.039000e+01 3.269281e-01
2.600000e-01 3.039000e+01 3.285844e-01
2.700000e-01 3.039000e+01 3.300679e-01
2.800000e-01 3.039000e+01 3.314024e-01
2.900000e-01 3.039000e+01 3.326085e-01
3.000000e-01 3.039000e+01 3.337043e-01
3.100000e-01 3.039000e+01 3.347057e-01
3.200000e-01 3.039000e+01 3.356270e-01
3.300000e-01 3.039000e+01 3.364810e-01
3.400000e-01 3.039000e+01 3.372792e-01
3.500000e-01 3.039000e+01 3.380322e-01
3.600000e-01 3.039000e+01 3.387497e-01
3.700000e-01 3.039000e+01 3.394405e-01
3.800000e-01 3.039000e+01 3.401127e-01
3.900000e-01 3.039000e+01 3.407736e-01
4.000000e-01 3.039000e+01 3.414300e-01
4.100000e-01 3.039000e+01 3.420878e-01
4.200000e-01 3.039000e+01 3.427524e-01
4.300000e-01 3.039000e+01 3.434287e-01
4.400000e-01 3.039000e+01 3.441208e-01
4.500000e-01 3.039000e+01 3.448324e-01
4.600000e-01 3.039000e+01 3.455665e-01
4.700000e-01 3.039000e+01 3.463258e-01
4.800000e-01 3.039000e+01 3.471123e-01
4.900000e-01 3.039000e+01 3.479277e-01
5.000000e-01 3.039000e+01 3.487732e-01
5.100000e-01 3.039000e+01 3.496496e-01
5.200000e-01 3.039000e+01 3.505574e-01
5.300000e-01 3.039000e+01 3.514967e-01
5.400000e-01 3.039000e+01 3.524673e-01
5.500000e-01 3.039000e+01 3.534690e-01
5.600000e-01 3.039000e+01 3.545011e-01
5.700000e-01 3.039000e+01 3.555629e-01
5.800000e-01 3.039000e+01 3.566533e-01
5.900000e-01 3.039000e+01 3.577714e-01
6.000000e-01 3.039000e+01 3.589159e-01
6.100000e-01 3.039000e+01 3.600858e-01
6.200000e-01 3.039000e+01 3.612796e-01
6.300000e-01 3.039000e+01 3.624962e-01
6.400000e-01 3.039000e+01 3.637341e-01
6.500000e-01 3.039000e+01 3.649922e-01
6.600000e-01 3.039000e+01 3.662691e-01
6.700000e-01 3.039000e+01 3.675635e-01
6.800000e-01 3.039000e+01 3.688744e-01
6.900000e-01 3.039000e+01 3.702005e-01
7.000000e-01 3.039000e+01 3.715407e-01
7.100000e-01 3.039000e+01 3.728940e-01
7.200000e-01 3.039000e+01 3.742595e-01
7.300000e-01 3.039000e+01 3.756363e-01
7.400000e-01 3.039000e+01 3.770236e-01
7.500000e-01 3.039000e+01 3.784205e-01
7.600000e-01 3.039000e+01 3.798265e-01
7.700000e-01 3.039000e+01 3.812410e-01
7.800000e-01 3.039000e+01 3.826634e-01
7.900000e-01 3.039000e+01 3.840933e-01
8.000000e-01 3.039000e+01 3.855303e-01
8.100000e-01 3.039000e+01 3.869741e-01
8.200000e-01 3.039000e+01 3.884243e-01
8.300000e-01 3.039000e+01 3.898809e-01
8.400000e-01 3.039000e+01 3.913436e-01
8.500000e-01 3.039000e+01 3.928124e-01
8.600000e-01 3.039000e+01 3.942872e-01
8.700000e-01 3.039000e+01 3.957679e-01
8.800000e-01 3.039000e+01 3.972546e-01
8.900000e-01 3.039000e+01 3.987475e-01
9.000000e-01 3.039000e+01 4.002464e-01
9.100000e-01 3.039000e+01 4.017517e-01
9.200000e-01 3.039000e+01 4.032633e-01
9.300000e-01 3.039000e+01 4.047816e-01
9.400000e-01 3.039000e+01 4.063066e-01
9.500000e-01 3.039000e+01 4.078386e-01
9.600000e-01 3.039000e+01 4.093778e-01
9.700000e-01 3.039000e+01 4.109244e-01
9.800000e-01 3.039000e+01 4.124786e-01
9.900000e-01 3.039000e+01 4.140407e-01
1.000000e+00 3.039000e+01 4.156110e-01
1.010000e+00 3.039000e+01 4.171896e-01
1.020000e+00 3.039000e+01 4.187768e-01
1.030000e+00 3.039000e+01 4.203728e-01
1.040000e+00 3.039000e+01 4.219778e-01
1.050000e+00 3.039000e+01 4.235922e-01
1.060000e+00 3.039000e+01 4.252161e-01
1.070000e+00 3.039000e+01 4.268497e-01
1.080000e+00 3.039000e+01 4.284932e-01
1.090000e+00 3.039000e+01 4.301468e-01
1.100000e+00 3.039000e+01 4.318107e-01
1.110000e+00 3.039000e+01 4.334851e-01
1.120000e+00 3.039000e+01 4.351701e-01
1.130000e+00 3.039000e+01 4.368658e-01
1.140000e+00 3.039000e+01 4.385725e-01
1.150000e+00 3.039000e+01 4.402902e-01
1.160000e+00 3.039000e+01 4.420190e-01
1.170000e+00 3.039000e+01 4.437590e-01
1.180000e+00 3.039000e+01 4.455103e-01
1.190000e+00 3.039000e+01 4.472730e-01
1.200000e+00 3.039000e+01 4.490471e-01
1.210000e+00 3.039000e+01 4.508326e-01
1.220000e+00 3.039000e+01 4.526296e-01
1.230000e+00 3.039000e+01 4.544381e-01
1.240000e+00 3.039000e+01 4.562581e-01
1.250000e+00 3.039000e+01 4.580895e-01
1.260000e+00 3.039000e+01 4.599324e-01
1.270000e+00 3.039000e+01 4.617867e-01
1.280000e+00 3.039000e+01 4.636523e-01
1.290000e+00 3.039000e+01 4.655293e-01
1.300000e+00 3.039000e+01 4.674174e-01
1.310000e+00 3.039000e+01 4.693166e-01
1.320000e+00 3.039000e+01 4.712269e-01
1.330000e+00 3.039000e+01 4.731481e-01
1.340000e+00 3.039000e+01 4.750801e-01
1.350000e+00 3.039000e+01 4.770227e-01
1.360000e+00 3.039000e+01 4.789759e-01
1.370000e+00 3.039000e+01 4.809395e-01
1.380000e+00 3.039000e+01 4.829134e-01
1.390000e+00 3.039000e+01 4.848973e-01
1.400000e+00 3.039000e+01 4.868911e-01
1.410000e+00 3.039000e+01 4.888946e-01
1.420000e+00 3.039000e+01 4.909077e-01
1.430000e+00 3.039000e+01 4.929301e-01
1.440000e+00 3.039000e+01 4.949617e-01
1.450000e+00 3.039000e+01 4.970023e-01
1.460000e+00 3.039000e+01 4.990517e-01
1.470000e+00 3.039000e+01 5.011095e-01
1.480000e+00 3.039000e+01 5.031757e-01
1.490000e+00 3.039000e+01 5.052501e-01
1.500000e+00 3.039000e+01 5.073323e-01
1.510000e+00 3.039000e+01 5.094222e-01
1.520000e+00 3.039000e+01 5.115195e-01
1.530000e+00 3.039000e+01 5.136240e-01
1.540000e+00 3.039000e+01 5.157355e-01
1.550000e+00 3.039000e+01 5.178537e-01
1.560000e+00 3.039000e+01 5.199783e-01
1.570000e+00 3.039000e+01 5.221093e-01
1.580000e+00 3.039000e+01 5.242462e-01
1.590000e+00 3.039000e+01 5.263889e-01
1.600000e+00 3.039000e+01 5.285371e-01
1.610000e+00 3.039000e+01 5.306906e-01
1.620000e+00 3.039000e+01 5.328491e-01
1.630000e+00 3.039000e+01 5.350124e-01
1.640000e+00 3.039000e+01 5.371802e-01
1.650000e+00 3.039000e+01 5.393523e-01
1.660000e+00 3.039000e+01 5.415284e-01
1.670000e+00 3.039000e+01 5.437084e-01
1.680000e+00 3.039000e+01 5.458918e-01
1.690000e+00 3.039000e+01 5.480786e-01
1.700000e+00 3.039000e+01 5.502685e-01
1.710000e+00 3.039000e+01 5.524612e-01
1.720000e+00 3.039000e+01 5.546564e-01
1.730000e+00 3.039000e+01 5.568540e-01
1.740000e+00 3.039000e+01 5.590537e-01
1.750000e+00 3.039000e+01 5.612553e-01
1.760000e+00 3.039000e+01 5.634585e-01
1.770000e+00 3.039000e+01 5.656631e-01
1.780000e+00 3.039000e+01 5.678689e-01
1.790000e+00 3.039000e+01 5.700757e-01
1.800000e+00 3.039000e+01 5.722831e-01
1.810000e+00 3.039000e+01 5.744911e-01
1.820000e+00 3.039000e+01 5.766994e-01
1.830000e+00 3.039000e+01 5.789077e-01
1.840000e+00 3.039000e+01 5.811159e-01
1.850000e+00 3.039000e+01 5.833237e-01
1.860000e+00 3.039000e+01 5.855310e-01
1.870000e+00 3.039000e+01 5.877374e-01
1.880000e+00 3.039000e+01 5.899429e-01
1.890000e+00 3.039000e+01 5.921472e-01
1.900000e+00 3.039000e+01 5.943501e-01
1.910000e+00 3.039000e+01 5.965514e-01
1.920000e+00 3.039000e+01 5.987510e-01
1.930000e+00 3.039000e+01 6.009486e-01
1.940000e+00 3.039000e+01 6.031440e-01
1.950000e+00 3.039000e+01 6.053371e-01
1.960000e+00 3.039000e+01 6.075277e-01
1.970000e+00 3.039000e+01 6.097156e-01
1.980000e+00 3.039000e+01 6.119007e-01
1.990000e+00 3.039000e+01 6.140826e-01
2.000000e+00 3.039000e+01 6.162614e-01
2.010000e+00 3.039000e+01 6.184368e-01
2.020000e+00 3.039000e+01 6.206087e-01
2.030000e+00 3.039000e+01 6.227768e-01
2.040000e+00 3.039000e+01 6.249411e-01
2.050000e+00 3.039000e+01 6.271014e-01
2.060000e+00 3.039000e+01 6.292576e-01
2.070000e+00 3.039000e+01 6.314094e-01
2.080000e+00 3.039000e+01 6.335567e-01
2.090000e+00 3.039000e+01 6.356995e-01
2.100000e+00 3.039000e+01 6.378375e-01
2.110000e+00 3.039000e+01 6.399707e-01
2.120000e+00 3.039000e+01 6.420989e-01
2.130000e+00 3.039000e+01 6.442219e-01
2.140000e+00 3.039000e+01 6.463397e-01
2.150000e+00 3.039000e+01 6.484520e-01
2.160000e+00 3.039000e+01 6.505589e-01
2.170000e+00 3.039000e+01 6.526601e-01
2.180000e+00 3.039000e+01 6.547556e-01
2.190000e+00 3.039000e+01 6.568453e-01
2.200000e+00 3.039000e+01 6.589289e-01
2.210000e+00 3.039000e+01 6.610065e-01
2.220000e+00 3.039000e+01 6.630780e-01
2.230000e+00 3.039000e+01 6.651431e-01
2.240000e+00 3.039000e+01 6.672018e-01
2.250000e+00 3.039000e+01 6.692541e-01
2.260000e+00 3.039000e+01 6.712998e-01
2.270000e+00 3.039000e+01 6.733389e-01
2.280000e+00 3.039000e+01 6.753711e-01
2.290000e+00 3.039000e+01 6.773966e-01
2.300000e+00 3.039000e+01 6.794151e-01
2.310000e+00 3.039000e+01 6.814266e-01
2.320000e+00 3.039000e+01 6.834310e-01
2.330000e+00 3.039000e+01 6.854283e-01
2.340000e+00 3.039000e+01 6.874183e-01
2.350000e+00 3.039000e+01 6.894010e-01
2.360000e+00 3.039000e+01 6.913763e-01
2.370000e+00 3.039000e+01 6.933442e-01
2.380000e+00 3.039000e+01 6.953045e-01
2.390000e+00 3.039000e+01 6.972573e-01
2.400000e+00 3.039000e+01 6.992024e-01
2.410000e+00 3.039000e+01 7.011398e-01
2.420000e+00 3.039000e+01 7.030695e-01
2.430000e+00 3.039000e+01 7.049913e-01
2.440000e+00 3.039000e+01 7.069053e-01
2.450000e+00 3.039000e+01 7.088113e-01
2.460000e+00 3.039000e+01 7.107094e-01
2.470000e+00 3.039000e+01 7.125994e-01
2.480000e+00 3.039000e+01 7.144814e-01
2.490000e+00 3.039000e+01 7.163553e-01
2.500000e+00 3.039000e+01 nan
