# T_ab [mK] vs P [bar] (Greywall86)
# P he3_tab
3.430000e+01 1.933625e+00
3.430100e+01 1.933600e+00
3.430200e+01 1.933574e+00
3.430300e+01 1.933549e+00
3.430400e+01 1.933523e+00
3.430500e+01 1.933498e+00
3.430600e+01 1.933473e+00
3.430700e+01 1.933447e+00
3.430800e+01 1.933422e+00
3.430900e+01 1.933397e+00
3.431000e+01 1.933371e+00
3.431100e+01 1.933346e+00
3.431200e+01 1.933321e+00
3.431300e+01 1.933295e+00
3.431400e+01 1.933270e+00
3.431500e+01 1.933245e+00
3.431600e+01 1.933219e+00
3.431700e+01 1.933194e+00
3.431800e+01 1.933169e+00
3.431900e+01 1.933143e+00
3.432000e+01 1.933118e+00
3.432100e+01 1.933093e+00
3.432200e+01 1.933067e+00
3.432300e+01 1.933042e+00
3.432400e+01 1.933017e+00
3.432500e+01 1.932992e+00
3.432600e+01 1.932966e+00
3.432700e+01 1.932941e+00
3.432800e+01 1.932916e+00
3.432900e+01 1.932890e+00
3.433000e+01 1.932865e+00
3.433100e+01 1.932840e+00
3.433200e+01 1.932815e+00
3.433300e+01 1.932789e+00
3.433400e+01 1.932764e+00
3.433500e+01 1.932739e+00
3.433600e+01 1.932714e+00
3.433700e+01 1.932689e+00
3.433800e+01 1.932663e+00
3.433900e+01 1.932638e+00
3.434000e+01 1.932613e+00
3.434100e+01 1.932588e+00
3.434200e+01 1.932562e+00
3.434300e+01 1.932537e+00
3.434400e+01 1.932512e+00
3.434500e+01 1.932487e+00
3.434600e+01 1.932462e+00
3.434700e+01 1.932437e+00
3.434800e+01 1.932411e+00
3.434900e+01 1.932386e+00
3.435000e+01 1.932361e+00
3.435100e+01 1.932336e+00
3.435200e+01 1.932311e+00
3.435300e+01 1.932286e+00
3.435400e+01 1.932260e+00
3.435500e+01 1.932235e+00
3.435600e+01 1.932210e+00
3.435700e+01 1.932185e+00
3.435800e+01 1.932160e+00
