# Vapor pressure [bar] vs T [K]
# T he3_pvap
2.010000e-01 1.733712e-08
3.653679e-01 1.703379e-05
5.297358e-01 3.186251e-04
6.941037e-01 1.754446e-03
8.584716e-01 5.571287e-03
1.022839e+00 1.310737e-02
1.187207e+00 2.565835e-02
1.351575e+00 4.445137e-02
1.515943e+00 7.065434e-02
1.680311e+00 1.053902e-01
1.844679e+00 1.497480e-01
2.009047e+00 2.047915e-01
2.173415e+00 2.715678e-01
2.337783e+00 3.511209e-01
2.502151e+00 4.445131e-01
2.666518e+00 5.528579e-01
2.830886e+00 6.773695e-01
2.995254e+00 8.194308e-01
3.159622e+00 9.806862e-01
3.323990e+00 1.163163e+00
