# Textural parameter a [erg/cm^3 1/G^2]
# ttc p he3_text_a
0.000000e+00 0.000000e+00 8.413755e-14
0.000000e+00 1.789474e+00 8.848372e-14
0.000000e+00 3.578947e+00 9.201725e-14
0.000000e+00 5.368421e+00 9.525135e-14
0.000000e+00 7.157895e+00 9.858248e-14
0.000000e+00 8.947368e+00 1.022774e-13
0.000000e+00 1.073684e+01 1.064898e-13
0.000000e+00 1.252632e+01 1.112854e-13
0.000000e+00 1.431579e+01 1.166658e-13
0.000000e+00 1.610526e+01 1.225912e-13
0.000000e+00 1.789474e+01 1.290011e-13
0.000000e+00 1.968421e+01 1.358353e-13
0.000000e+00 2.147368e+01 1.430522e-13
0.000000e+00 2.326316e+01 1.506439e-13
0.000000e+00 2.505263e+01 1.586431e-13
0.000000e+00 2.684211e+01 1.671187e-13
0.000000e+00 2.863158e+01 1.761553e-13
0.000000e+00 3.042105e+01 1.858129e-13
0.000000e+00 3.221053e+01 1.960589e-13
0.000000e+00 3.400000e+01 2.066641e-13
