# heat capacity, Cv vs T,V
# T V he3_cv_n
1.600000e-01 2.770000e+01 2.974965e-01
1.700000e-01 2.770000e+01 3.012893e-01
1.800000e-01 2.770000e+01 3.044539e-01
1.900000e-01 2.770000e+01 3.071030e-01
2.000000e-01 2.770000e+01 3.093275e-01
2.100000e-01 2.770000e+01 3.112008e-01
2.200000e-01 2.770000e+01 3.127829e-01
2.300000e-01 2.770000e+01 3.141225e-01
2.400000e-01 2.770000e+01 3.152600e-01
2.500000e-01 2.770000e+01 3.162291e-01
2.600000e-01 2.770000e+01 3.170582e-01
2.700000e-01 2.770000e+01 3.177715e-01
2.800000e-01 2.770000e+01 3.183898e-01
2.900000e-01 2.770000e+01 3.189313e-01
3.000000e-01 2.770000e+01 3.194119e-01
3.100000e-01 2.770000e+01 3.198459e-01
3.200000e-01 2.770000e+01 3.202456e-01
3.300000e-01 2.770000e+01 3.206222e-01
3.400000e-01 2.770000e+01 3.209855e-01
3.500000e-01 2.770000e+01 3.213441e-01
3.600000e-01 2.770000e+01 3.217057e-01
3.700000e-01 2.770000e+01 3.220766e-01
3.800000e-01 2.770000e+01 3.224625e-01
3.900000e-01 2.770000e+01 3.228677e-01
4.000000e-01 2.770000e+01 3.232960e-01
4.100000e-01 2.770000e+01 3.237502e-01
4.200000e-01 2.770000e+01 3.242323e-01
4.300000e-01 2.770000e+01 3.247437e-01
4.400000e-01 2.770000e+01 3.252850e-01
4.500000e-01 2.770000e+01 3.258563e-01
4.600000e-01 2.770000e+01 3.264571e-01
4.700000e-01 2.770000e+01 3.270867e-01
4.800000e-01 2.770000e+01 3.277438e-01
4.900000e-01 2.770000e+01 3.284267e-01
5.000000e-01 2.770000e+01 3.291339e-01
5.100000e-01 2.770000e+01 3.298631e-01
5.200000e-01 2.770000e+01 3.306125e-01
5.300000e-01 2.770000e+01 3.313797e-01
5.400000e-01 2.770000e+01 3.321625e-01
5.500000e-01 2.770000e+01 3.329588e-01
5.600000e-01 2.770000e+01 3.337664e-01
5.700000e-01 2.770000e+01 3.345831e-01
5.800000e-01 2.770000e+01 3.354069e-01
5.900000e-01 2.770000e+01 3.362360e-01
6.000000e-01 2.770000e+01 3.370686e-01
6.100000e-01 2.770000e+01 3.379031e-01
6.200000e-01 2.770000e+01 3.387380e-01
6.300000e-01 2.770000e+01 3.395721e-01
6.400000e-01 2.770000e+01 3.404042e-01
6.500000e-01 2.770000e+01 3.412333e-01
6.600000e-01 2.770000e+01 3.420587e-01
6.700000e-01 2.770000e+01 3.428797e-01
6.800000e-01 2.770000e+01 3.436959e-01
6.900000e-01 2.770000e+01 3.445068e-01
7.000000e-01 2.770000e+01 3.453124e-01
7.100000e-01 2.770000e+01 3.461125e-01
7.200000e-01 2.770000e+01 3.469073e-01
7.300000e-01 2.770000e+01 3.476969e-01
7.400000e-01 2.770000e+01 3.484816e-01
7.500000e-01 2.770000e+01 3.492618e-01
7.600000e-01 2.770000e+01 3.500380e-01
7.700000e-01 2.770000e+01 3.508108e-01
7.800000e-01 2.770000e+01 3.515807e-01
7.900000e-01 2.770000e+01 3.523486e-01
8.000000e-01 2.770000e+01 3.531150e-01
8.100000e-01 2.770000e+01 3.538809e-01
8.200000e-01 2.770000e+01 3.546470e-01
8.300000e-01 2.770000e+01 3.554142e-01
8.400000e-01 2.770000e+01 3.561833e-01
8.500000e-01 2.770000e+01 3.569553e-01
8.600000e-01 2.770000e+01 3.577310e-01
8.700000e-01 2.770000e+01 3.585114e-01
8.800000e-01 2.770000e+01 3.592974e-01
8.900000e-01 2.770000e+01 3.600898e-01
9.000000e-01 2.770000e+01 3.608895e-01
9.100000e-01 2.770000e+01 3.616974e-01
9.200000e-01 2.770000e+01 3.625144e-01
9.300000e-01 2.770000e+01 3.633413e-01
9.400000e-01 2.770000e+01 3.641788e-01
9.500000e-01 2.770000e+01 3.650278e-01
9.600000e-01 2.770000e+01 3.658890e-01
9.700000e-01 2.770000e+01 3.667632e-01
9.800000e-01 2.770000e+01 3.676509e-01
9.900000e-01 2.770000e+01 3.685529e-01
1.000000e+00 2.770000e+01 3.694698e-01
1.010000e+00 2.770000e+01 3.704022e-01
1.020000e+00 2.770000e+01 3.713507e-01
1.030000e+00 2.770000e+01 3.723156e-01
1.040000e+00 2.770000e+01 3.732976e-01
1.050000e+00 2.770000e+01 3.742970e-01
1.060000e+00 2.770000e+01 3.753143e-01
1.070000e+00 2.770000e+01 3.763498e-01
1.080000e+00 2.770000e+01 3.774039e-01
1.090000e+00 2.770000e+01 3.784769e-01
1.100000e+00 2.770000e+01 3.795690e-01
1.110000e+00 2.770000e+01 3.806805e-01
1.120000e+00 2.770000e+01 3.818116e-01
1.130000e+00 2.770000e+01 3.829624e-01
1.140000e+00 2.770000e+01 3.841331e-01
1.150000e+00 2.770000e+01 3.853237e-01
1.160000e+00 2.770000e+01 3.865345e-01
1.170000e+00 2.770000e+01 3.877653e-01
1.180000e+00 2.770000e+01 3.890163e-01
1.190000e+00 2.770000e+01 3.902874e-01
1.200000e+00 2.770000e+01 3.915787e-01
1.210000e+00 2.770000e+01 3.928900e-01
1.220000e+00 2.770000e+01 3.942212e-01
1.230000e+00 2.770000e+01 3.955724e-01
1.240000e+00 2.770000e+01 3.969433e-01
1.250000e+00 2.770000e+01 3.983338e-01
1.260000e+00 2.770000e+01 3.997438e-01
1.270000e+00 2.770000e+01 4.011730e-01
1.280000e+00 2.770000e+01 4.026214e-01
1.290000e+00 2.770000e+01 4.040887e-01
1.300000e+00 2.770000e+01 4.055746e-01
1.310000e+00 2.770000e+01 4.070789e-01
1.320000e+00 2.770000e+01 4.086014e-01
1.330000e+00 2.770000e+01 4.101418e-01
1.340000e+00 2.770000e+01 4.116998e-01
1.350000e+00 2.770000e+01 4.132751e-01
1.360000e+00 2.770000e+01 4.148675e-01
1.370000e+00 2.770000e+01 4.164766e-01
1.380000e+00 2.770000e+01 4.181021e-01
1.390000e+00 2.770000e+01 4.197438e-01
1.400000e+00 2.770000e+01 4.214011e-01
1.410000e+00 2.770000e+01 4.230739e-01
1.420000e+00 2.770000e+01 4.247618e-01
1.430000e+00 2.770000e+01 4.264644e-01
1.440000e+00 2.770000e+01 4.281814e-01
1.450000e+00 2.770000e+01 4.299123e-01
1.460000e+00 2.770000e+01 4.316570e-01
1.470000e+00 2.770000e+01 4.334149e-01
1.480000e+00 2.770000e+01 4.351858e-01
1.490000e+00 2.770000e+01 4.369692e-01
1.500000e+00 2.770000e+01 4.387648e-01
1.510000e+00 2.770000e+01 4.405723e-01
1.520000e+00 2.770000e+01 4.423912e-01
1.530000e+00 2.770000e+01 4.442211e-01
1.540000e+00 2.770000e+01 4.460618e-01
1.550000e+00 2.770000e+01 4.479128e-01
1.560000e+00 2.770000e+01 4.497738e-01
1.570000e+00 2.770000e+01 4.516443e-01
1.580000e+00 2.770000e+01 4.535241e-01
1.590000e+00 2.770000e+01 4.554128e-01
1.600000e+00 2.770000e+01 4.573099e-01
1.610000e+00 2.770000e+01 4.592152e-01
1.620000e+00 2.770000e+01 4.611283e-01
1.630000e+00 2.770000e+01 4.630488e-01
1.640000e+00 2.770000e+01 4.649763e-01
1.650000e+00 2.770000e+01 4.669106e-01
1.660000e+00 2.770000e+01 4.688512e-01
1.670000e+00 2.770000e+01 4.707979e-01
1.680000e+00 2.770000e+01 4.727502e-01
1.690000e+00 2.770000e+01 4.747079e-01
1.700000e+00 2.770000e+01 4.766706e-01
1.710000e+00 2.770000e+01 4.786380e-01
1.720000e+00 2.770000e+01 4.806098e-01
1.730000e+00 2.770000e+01 4.825856e-01
1.740000e+00 2.770000e+01 4.845651e-01
1.750000e+00 2.770000e+01 4.865480e-01
1.760000e+00 2.770000e+01 4.885340e-01
1.770000e+00 2.770000e+01 4.905228e-01
1.780000e+00 2.770000e+01 4.925141e-01
1.790000e+00 2.770000e+01 4.945077e-01
1.800000e+00 2.770000e+01 4.965031e-01
1.810000e+00 2.770000e+01 4.985002e-01
1.820000e+00 2.770000e+01 5.004986e-01
1.830000e+00 2.770000e+01 5.024981e-01
1.840000e+00 2.770000e+01 5.044984e-01
1.850000e+00 2.770000e+01 5.064992e-01
1.860000e+00 2.770000e+01 5.085003e-01
1.870000e+00 2.770000e+01 5.105015e-01
1.880000e+00 2.770000e+01 5.125024e-01
1.890000e+00 2.770000e+01 5.145028e-01
1.900000e+00 2.770000e+01 5.165025e-01
1.910000e+00 2.770000e+01 5.185012e-01
1.920000e+00 2.770000e+01 5.204987e-01
1.930000e+00 2.770000e+01 5.224949e-01
1.940000e+00 2.770000e+01 5.244893e-01
1.950000e+00 2.770000e+01 5.264819e-01
1.960000e+00 2.770000e+01 5.284725e-01
1.970000e+00 2.770000e+01 5.304607e-01
1.980000e+00 2.770000e+01 5.324464e-01
1.990000e+00 2.770000e+01 5.344295e-01
2.000000e+00 2.770000e+01 5.364096e-01
2.010000e+00 2.770000e+01 5.383867e-01
2.020000e+00 2.770000e+01 5.403605e-01
2.030000e+00 2.770000e+01 5.423308e-01
2.040000e+00 2.770000e+01 5.442976e-01
2.050000e+00 2.770000e+01 5.462604e-01
2.060000e+00 2.770000e+01 5.482194e-01
2.070000e+00 2.770000e+01 5.501741e-01
2.080000e+00 2.770000e+01 5.521246e-01
2.090000e+00 2.770000e+01 5.540706e-01
2.100000e+00 2.770000e+01 5.560120e-01
2.110000e+00 2.770000e+01 5.579486e-01
2.120000e+00 2.770000e+01 5.598803e-01
2.130000e+00 2.770000e+01 5.618069e-01
2.140000e+00 2.770000e+01 5.637283e-01
2.150000e+00 2.770000e+01 5.656444e-01
2.160000e+00 2.770000e+01 5.675551e-01
2.170000e+00 2.770000e+01 5.694601e-01
2.180000e+00 2.770000e+01 5.713595e-01
2.190000e+00 2.770000e+01 5.732529e-01
2.200000e+00 2.770000e+01 5.751405e-01
2.210000e+00 2.770000e+01 5.770220e-01
2.220000e+00 2.770000e+01 5.788972e-01
2.230000e+00 2.770000e+01 5.807663e-01
2.240000e+00 2.770000e+01 5.826289e-01
2.250000e+00 2.770000e+01 5.844850e-01
2.260000e+00 2.770000e+01 5.863346e-01
2.270000e+00 2.770000e+01 5.881774e-01
2.280000e+00 2.770000e+01 5.900135e-01
2.290000e+00 2.770000e+01 5.918428e-01
2.300000e+00 2.770000e+01 5.936651e-01
2.310000e+00 2.770000e+01 5.954803e-01
2.320000e+00 2.770000e+01 5.972885e-01
2.330000e+00 2.770000e+01 5.990895e-01
2.340000e+00 2.770000e+01 6.008832e-01
2.350000e+00 2.770000e+01 6.026696e-01
2.360000e+00 2.770000e+01 6.044486e-01
2.370000e+00 2.770000e+01 6.062202e-01
2.380000e+00 2.770000e+01 6.079842e-01
2.390000e+00 2.770000e+01 6.097406e-01
2.400000e+00 2.770000e+01 6.114894e-01
2.410000e+00 2.770000e+01 6.132305e-01
2.420000e+00 2.770000e+01 6.149638e-01
2.430000e+00 2.770000e+01 6.166893e-01
2.440000e+00 2.770000e+01 6.184070e-01
2.450000e+00 2.770000e+01 6.201167e-01
2.460000e+00 2.770000e+01 6.218185e-01
2.470000e+00 2.770000e+01 6.235123e-01
2.480000e+00 2.770000e+01 6.251981e-01
2.490000e+00 2.770000e+01 6.268758e-01
2.500000e+00 2.770000e+01 nan
