# heat capacity, Cv vs T,Vm
# T V he3_cv_n
1.600000e-01 3.259000e+01 2.976112e-01
1.700000e-01 3.259000e+01 3.041168e-01
1.800000e-01 3.259000e+01 3.098155e-01
1.900000e-01 3.259000e+01 3.148296e-01
2.000000e-01 3.259000e+01 3.192612e-01
2.100000e-01 3.259000e+01 3.231953e-01
2.200000e-01 3.259000e+01 3.267028e-01
2.300000e-01 3.259000e+01 3.298426e-01
2.400000e-01 3.259000e+01 3.326644e-01
2.500000e-01 3.259000e+01 3.352101e-01
2.600000e-01 3.259000e+01 3.375149e-01
2.700000e-01 3.259000e+01 3.396092e-01
2.800000e-01 3.259000e+01 3.415190e-01
2.900000e-01 3.259000e+01 3.432668e-01
3.000000e-01 3.259000e+01 3.448722e-01
3.100000e-01 3.259000e+01 3.463527e-01
3.200000e-01 3.259000e+01 3.477235e-01
3.300000e-01 3.259000e+01 3.489987e-01
3.400000e-01 3.259000e+01 3.501908e-01
3.500000e-01 3.259000e+01 3.513113e-01
3.600000e-01 3.259000e+01 3.523707e-01
3.700000e-01 3.259000e+01 3.533787e-01
3.800000e-01 3.259000e+01 3.543445e-01
3.900000e-01 3.259000e+01 3.552764e-01
4.000000e-01 3.259000e+01 3.561822e-01
4.100000e-01 3.259000e+01 3.570693e-01
4.200000e-01 3.259000e+01 3.579444e-01
4.300000e-01 3.259000e+01 3.588137e-01
4.400000e-01 3.259000e+01 3.596829e-01
4.500000e-01 3.259000e+01 3.605574e-01
4.600000e-01 3.259000e+01 3.614419e-01
4.700000e-01 3.259000e+01 3.623408e-01
4.800000e-01 3.259000e+01 3.632579e-01
4.900000e-01 3.259000e+01 3.641967e-01
5.000000e-01 3.259000e+01 3.651600e-01
5.100000e-01 3.259000e+01 3.661506e-01
5.200000e-01 3.259000e+01 3.671706e-01
5.300000e-01 3.259000e+01 3.682218e-01
5.400000e-01 3.259000e+01 3.693057e-01
5.500000e-01 3.259000e+01 3.704233e-01
5.600000e-01 3.259000e+01 3.715756e-01
5.700000e-01 3.259000e+01 3.727630e-01
5.800000e-01 3.259000e+01 3.739858e-01
5.900000e-01 3.259000e+01 3.752441e-01
6.000000e-01 3.259000e+01 3.765377e-01
6.100000e-01 3.259000e+01 3.778662e-01
6.200000e-01 3.259000e+01 3.792292e-01
6.300000e-01 3.259000e+01 3.806259e-01
6.400000e-01 3.259000e+01 3.820557e-01
6.500000e-01 3.259000e+01 3.835176e-01
6.600000e-01 3.259000e+01 3.850107e-01
6.700000e-01 3.259000e+01 3.865339e-01
6.800000e-01 3.259000e+01 3.880862e-01
6.900000e-01 3.259000e+01 3.896666e-01
7.000000e-01 3.259000e+01 3.912738e-01
7.100000e-01 3.259000e+01 3.929068e-01
7.200000e-01 3.259000e+01 3.945643e-01
7.300000e-01 3.259000e+01 3.962454e-01
7.400000e-01 3.259000e+01 3.979488e-01
7.500000e-01 3.259000e+01 3.996736e-01
7.600000e-01 3.259000e+01 4.014186e-01
7.700000e-01 3.259000e+01 4.031828e-01
7.800000e-01 3.259000e+01 4.049652e-01
7.900000e-01 3.259000e+01 4.067650e-01
8.000000e-01 3.259000e+01 4.085812e-01
8.100000e-01 3.259000e+01 4.104130e-01
8.200000e-01 3.259000e+01 4.122596e-01
8.300000e-01 3.259000e+01 4.141201e-01
8.400000e-01 3.259000e+01 4.159940e-01
8.500000e-01 3.259000e+01 4.178806e-01
8.600000e-01 3.259000e+01 4.197791e-01
8.700000e-01 3.259000e+01 4.216892e-01
8.800000e-01 3.259000e+01 4.236102e-01
8.900000e-01 3.259000e+01 4.255417e-01
9.000000e-01 3.259000e+01 4.274833e-01
9.100000e-01 3.259000e+01 4.294345e-01
9.200000e-01 3.259000e+01 4.313950e-01
9.300000e-01 3.259000e+01 4.333644e-01
9.400000e-01 3.259000e+01 4.353425e-01
9.500000e-01 3.259000e+01 4.373290e-01
9.600000e-01 3.259000e+01 4.393237e-01
9.700000e-01 3.259000e+01 4.413263e-01
9.800000e-01 3.259000e+01 4.433367e-01
9.900000e-01 3.259000e+01 4.453548e-01
1.000000e+00 3.259000e+01 4.473804e-01
1.010000e+00 3.259000e+01 4.494134e-01
1.020000e+00 3.259000e+01 4.514536e-01
1.030000e+00 3.259000e+01 4.535011e-01
1.040000e+00 3.259000e+01 4.555557e-01
1.050000e+00 3.259000e+01 4.576174e-01
1.060000e+00 3.259000e+01 4.596862e-01
1.070000e+00 3.259000e+01 4.617620e-01
1.080000e+00 3.259000e+01 4.638447e-01
1.090000e+00 3.259000e+01 4.659344e-01
1.100000e+00 3.259000e+01 4.680311e-01
1.110000e+00 3.259000e+01 4.701347e-01
1.120000e+00 3.259000e+01 4.722452e-01
1.130000e+00 3.259000e+01 4.743627e-01
1.140000e+00 3.259000e+01 4.764870e-01
1.150000e+00 3.259000e+01 4.786183e-01
1.160000e+00 3.259000e+01 4.807565e-01
1.170000e+00 3.259000e+01 4.829016e-01
1.180000e+00 3.259000e+01 4.850536e-01
1.190000e+00 3.259000e+01 4.872125e-01
1.200000e+00 3.259000e+01 4.893783e-01
1.210000e+00 3.259000e+01 4.915510e-01
1.220000e+00 3.259000e+01 4.937304e-01
1.230000e+00 3.259000e+01 4.959167e-01
1.240000e+00 3.259000e+01 4.981098e-01
1.250000e+00 3.259000e+01 5.003097e-01
1.260000e+00 3.259000e+01 5.025162e-01
1.270000e+00 3.259000e+01 5.047295e-01
1.280000e+00 3.259000e+01 5.069494e-01
1.290000e+00 3.259000e+01 5.091758e-01
1.300000e+00 3.259000e+01 5.114088e-01
1.310000e+00 3.259000e+01 5.136482e-01
1.320000e+00 3.259000e+01 5.158940e-01
1.330000e+00 3.259000e+01 5.181461e-01
1.340000e+00 3.259000e+01 5.204044e-01
1.350000e+00 3.259000e+01 5.226689e-01
1.360000e+00 3.259000e+01 5.249395e-01
1.370000e+00 3.259000e+01 5.272159e-01
1.380000e+00 3.259000e+01 5.294983e-01
1.390000e+00 3.259000e+01 5.317864e-01
1.400000e+00 3.259000e+01 5.340801e-01
1.410000e+00 3.259000e+01 5.363793e-01
1.420000e+00 3.259000e+01 5.386840e-01
1.430000e+00 3.259000e+01 5.409939e-01
1.440000e+00 3.259000e+01 5.433090e-01
1.450000e+00 3.259000e+01 5.456290e-01
1.460000e+00 3.259000e+01 5.479540e-01
1.470000e+00 3.259000e+01 5.502836e-01
1.480000e+00 3.259000e+01 5.526179e-01
1.490000e+00 3.259000e+01 5.549565e-01
1.500000e+00 3.259000e+01 5.572995e-01
1.510000e+00 3.259000e+01 5.596466e-01
1.520000e+00 3.259000e+01 5.619977e-01
1.530000e+00 3.259000e+01 5.643525e-01
1.540000e+00 3.259000e+01 5.667110e-01
1.550000e+00 3.259000e+01 5.690730e-01
1.560000e+00 3.259000e+01 5.714384e-01
1.570000e+00 3.259000e+01 5.738068e-01
1.580000e+00 3.259000e+01 5.761782e-01
1.590000e+00 3.259000e+01 5.785525e-01
1.600000e+00 3.259000e+01 5.809293e-01
1.610000e+00 3.259000e+01 5.833086e-01
1.620000e+00 3.259000e+01 5.856901e-01
1.630000e+00 3.259000e+01 5.880738e-01
1.640000e+00 3.259000e+01 5.904594e-01
1.650000e+00 3.259000e+01 5.928467e-01
1.660000e+00 3.259000e+01 5.952355e-01
1.670000e+00 3.259000e+01 5.976257e-01
1.680000e+00 3.259000e+01 6.000172e-01
1.690000e+00 3.259000e+01 6.024096e-01
1.700000e+00 3.259000e+01 6.048029e-01
1.710000e+00 3.259000e+01 6.071968e-01
1.720000e+00 3.259000e+01 6.095911e-01
1.730000e+00 3.259000e+01 6.119858e-01
1.740000e+00 3.259000e+01 6.143806e-01
1.750000e+00 3.259000e+01 6.167753e-01
1.760000e+00 3.259000e+01 6.191698e-01
1.770000e+00 3.259000e+01 6.215638e-01
1.780000e+00 3.259000e+01 6.239572e-01
1.790000e+00 3.259000e+01 6.263499e-01
1.800000e+00 3.259000e+01 6.287416e-01
1.810000e+00 3.259000e+01 6.311322e-01
1.820000e+00 3.259000e+01 6.335215e-01
1.830000e+00 3.259000e+01 6.359093e-01
1.840000e+00 3.259000e+01 6.382955e-01
1.850000e+00 3.259000e+01 6.406799e-01
1.860000e+00 3.259000e+01 6.430624e-01
1.870000e+00 3.259000e+01 6.454427e-01
1.880000e+00 3.259000e+01 6.478206e-01
1.890000e+00 3.259000e+01 6.501962e-01
1.900000e+00 3.259000e+01 6.525691e-01
1.910000e+00 3.259000e+01 6.549393e-01
1.920000e+00 3.259000e+01 6.573065e-01
1.930000e+00 3.259000e+01 6.596706e-01
1.940000e+00 3.259000e+01 6.620315e-01
1.950000e+00 3.259000e+01 6.643890e-01
1.960000e+00 3.259000e+01 6.667430e-01
1.970000e+00 3.259000e+01 6.690933e-01
1.980000e+00 3.259000e+01 6.714398e-01
1.990000e+00 3.259000e+01 6.737823e-01
2.000000e+00 3.259000e+01 6.761208e-01
2.010000e+00 3.259000e+01 6.784549e-01
2.020000e+00 3.259000e+01 6.807847e-01
2.030000e+00 3.259000e+01 6.831100e-01
2.040000e+00 3.259000e+01 6.854307e-01
2.050000e+00 3.259000e+01 6.877465e-01
2.060000e+00 3.259000e+01 6.900575e-01
2.070000e+00 3.259000e+01 6.923635e-01
2.080000e+00 3.259000e+01 6.946643e-01
2.090000e+00 3.259000e+01 6.969598e-01
2.100000e+00 3.259000e+01 6.992500e-01
2.110000e+00 3.259000e+01 7.015347e-01
2.120000e+00 3.259000e+01 7.038137e-01
2.130000e+00 3.259000e+01 7.060871e-01
2.140000e+00 3.259000e+01 7.083546e-01
2.150000e+00 3.259000e+01 7.106161e-01
2.160000e+00 3.259000e+01 7.128717e-01
2.170000e+00 3.259000e+01 7.151210e-01
2.180000e+00 3.259000e+01 7.173642e-01
2.190000e+00 3.259000e+01 7.196010e-01
2.200000e+00 3.259000e+01 7.218313e-01
2.210000e+00 3.259000e+01 7.240551e-01
2.220000e+00 3.259000e+01 7.262723e-01
2.230000e+00 3.259000e+01 7.284828e-01
2.240000e+00 3.259000e+01 7.306865e-01
2.250000e+00 3.259000e+01 7.328833e-01
2.260000e+00 3.259000e+01 7.350731e-01
2.270000e+00 3.259000e+01 7.372558e-01
2.280000e+00 3.259000e+01 7.394314e-01
2.290000e+00 3.259000e+01 7.415999e-01
2.300000e+00 3.259000e+01 7.437610e-01
2.310000e+00 3.259000e+01 7.459148e-01
2.320000e+00 3.259000e+01 7.480611e-01
2.330000e+00 3.259000e+01 7.502000e-01
2.340000e+00 3.259000e+01 7.523312e-01
2.350000e+00 3.259000e+01 7.544549e-01
2.360000e+00 3.259000e+01 7.565708e-01
2.370000e+00 3.259000e+01 7.586790e-01
2.380000e+00 3.259000e+01 7.607794e-01
2.390000e+00 3.259000e+01 7.628719e-01
2.400000e+00 3.259000e+01 7.649565e-01
2.410000e+00 3.259000e+01 7.670331e-01
2.420000e+00 3.259000e+01 7.691016e-01
2.430000e+00 3.259000e+01 7.711621e-01
2.440000e+00 3.259000e+01 7.732144e-01
2.450000e+00 3.259000e+01 7.752585e-01
2.460000e+00 3.259000e+01 7.772944e-01
2.470000e+00 3.259000e+01 7.793220e-01
2.480000e+00 3.259000e+01 7.813413e-01
2.490000e+00 3.259000e+01 7.833523e-01
2.500000e+00 3.259000e+01 nan
