# T_c  [mK] in PLTS2000 scale vs pressure [bar]
# P he3_tc_plts
3.430000e+01 2.443156e+00
3.430100e+01 2.443168e+00
3.430200e+01 2.443180e+00
3.430300e+01 2.443192e+00
3.430400e+01 2.443205e+00
3.430500e+01 2.443217e+00
3.430600e+01 2.443229e+00
3.430700e+01 2.443241e+00
3.430800e+01 2.443253e+00
3.430900e+01 2.443266e+00
3.431000e+01 2.443278e+00
3.431100e+01 2.443290e+00
3.431200e+01 2.443302e+00
3.431300e+01 2.443315e+00
3.431400e+01 2.443327e+00
3.431500e+01 2.443339e+00
3.431600e+01 2.443351e+00
3.431700e+01 2.443364e+00
3.431800e+01 2.443376e+00
3.431900e+01 2.443388e+00
3.432000e+01 2.443400e+00
3.432100e+01 2.443413e+00
3.432200e+01 2.443425e+00
3.432300e+01 2.443437e+00
3.432400e+01 2.443449e+00
3.432500e+01 2.443462e+00
3.432600e+01 2.443474e+00
3.432700e+01 2.443486e+00
3.432800e+01 2.443498e+00
3.432900e+01 2.443511e+00
3.433000e+01 2.443523e+00
3.433100e+01 2.443535e+00
3.433200e+01 2.443547e+00
3.433300e+01 2.443560e+00
3.433400e+01 2.443572e+00
3.433500e+01 2.443584e+00
3.433600e+01 2.443596e+00
3.433700e+01 2.443609e+00
3.433800e+01 2.443621e+00
3.433900e+01 2.443633e+00
3.434000e+01 2.443645e+00
3.434100e+01 nan
