# T_ab [mK] in PLTS2000 scale vs pressure [bar]
# P he3_tab_plts
2.120000e+01 2.230904e+00
2.189253e+01 2.222597e+00
2.258505e+01 2.209833e+00
2.327758e+01 2.194601e+00
2.397011e+01 2.177804e+00
2.466263e+01 2.160108e+00
2.535516e+01 2.141972e+00
2.604768e+01 2.123683e+00
2.674021e+01 2.105382e+00
2.743274e+01 2.087100e+00
2.812526e+01 2.068788e+00
2.881779e+01 2.050349e+00
2.951032e+01 2.031670e+00
3.020284e+01 2.012655e+00
3.089537e+01 1.993255e+00
3.158789e+01 1.973502e+00
3.228042e+01 1.953541e+00
3.297295e+01 1.933661e+00
3.366547e+01 1.914331e+00
3.435800e+01 1.896228e+00
