# T_ab [mK] vs P [bar] (Greywall86)
# P he3_tab
2.120000e+01 2.272434e+00
2.189105e+01 2.263898e+00
2.258211e+01 2.250893e+00
2.327316e+01 2.235384e+00
2.396421e+01 2.218292e+00
2.465526e+01 2.200293e+00
2.534632e+01 2.181856e+00
2.603737e+01 2.163271e+00
2.672842e+01 2.144684e+00
2.741947e+01 2.126127e+00
2.811053e+01 2.107551e+00
2.880158e+01 2.088858e+00
2.949263e+01 2.069934e+00
3.018368e+01 2.050681e+00
3.087474e+01 2.031050e+00
3.156579e+01 2.011069e+00
3.225684e+01 1.990881e+00
3.294789e+01 1.970774e+00
3.363895e+01 1.951211e+00
3.433000e+01 1.932865e+00
