# heat capacity, Cv vs T,Vm
# T V he3_cv_n
1.600000e-01 3.682000e+01 2.989459e-01
1.700000e-01 3.682000e+01 3.072036e-01
1.800000e-01 3.682000e+01 3.145949e-01
1.900000e-01 3.682000e+01 3.212349e-01
2.000000e-01 3.682000e+01 3.272223e-01
2.100000e-01 3.682000e+01 3.326416e-01
2.200000e-01 3.682000e+01 3.375643e-01
2.300000e-01 3.682000e+01 3.420516e-01
2.400000e-01 3.682000e+01 3.461557e-01
2.500000e-01 3.682000e+01 3.499211e-01
2.600000e-01 3.682000e+01 3.533865e-01
2.700000e-01 3.682000e+01 3.565848e-01
2.800000e-01 3.682000e+01 3.595449e-01
2.900000e-01 3.682000e+01 3.622921e-01
3.000000e-01 3.682000e+01 3.648483e-01
3.100000e-01 3.682000e+01 3.672331e-01
3.200000e-01 3.682000e+01 3.694640e-01
3.300000e-01 3.682000e+01 3.715567e-01
3.400000e-01 3.682000e+01 3.735253e-01
3.500000e-01 3.682000e+01 3.753829e-01
3.600000e-01 3.682000e+01 3.771415e-01
3.700000e-01 3.682000e+01 3.788120e-01
3.800000e-01 3.682000e+01 3.804050e-01
3.900000e-01 3.682000e+01 3.819301e-01
4.000000e-01 3.682000e+01 3.833967e-01
4.100000e-01 3.682000e+01 3.848134e-01
4.200000e-01 3.682000e+01 3.861886e-01
4.300000e-01 3.682000e+01 3.875301e-01
4.400000e-01 3.682000e+01 3.888455e-01
4.500000e-01 3.682000e+01 3.901418e-01
4.600000e-01 3.682000e+01 3.914259e-01
4.700000e-01 3.682000e+01 3.927040e-01
4.800000e-01 3.682000e+01 3.939822e-01
4.900000e-01 3.682000e+01 3.952661e-01
5.000000e-01 3.682000e+01 3.965609e-01
5.100000e-01 3.682000e+01 3.978715e-01
5.200000e-01 3.682000e+01 3.992024e-01
5.300000e-01 3.682000e+01 4.005576e-01
5.400000e-01 3.682000e+01 4.019409e-01
5.500000e-01 3.682000e+01 4.033555e-01
5.600000e-01 3.682000e+01 4.048045e-01
5.700000e-01 3.682000e+01 4.062905e-01
5.800000e-01 3.682000e+01 4.078157e-01
5.900000e-01 3.682000e+01 4.093821e-01
6.000000e-01 3.682000e+01 4.109913e-01
6.100000e-01 3.682000e+01 4.126446e-01
6.200000e-01 3.682000e+01 4.143430e-01
6.300000e-01 3.682000e+01 4.160873e-01
6.400000e-01 3.682000e+01 4.178780e-01
6.500000e-01 3.682000e+01 4.197153e-01
6.600000e-01 3.682000e+01 4.215993e-01
6.700000e-01 3.682000e+01 4.235299e-01
6.800000e-01 3.682000e+01 4.255066e-01
6.900000e-01 3.682000e+01 4.275291e-01
7.000000e-01 3.682000e+01 4.295967e-01
7.100000e-01 3.682000e+01 4.317087e-01
7.200000e-01 3.682000e+01 4.338641e-01
7.300000e-01 3.682000e+01 4.360619e-01
7.400000e-01 3.682000e+01 4.383012e-01
7.500000e-01 3.682000e+01 4.405807e-01
7.600000e-01 3.682000e+01 4.428993e-01
7.700000e-01 3.682000e+01 4.452558e-01
7.800000e-01 3.682000e+01 4.476488e-01
7.900000e-01 3.682000e+01 4.500770e-01
8.000000e-01 3.682000e+01 4.525392e-01
8.100000e-01 3.682000e+01 4.550340e-01
8.200000e-01 3.682000e+01 4.575600e-01
8.300000e-01 3.682000e+01 4.601159e-01
8.400000e-01 3.682000e+01 4.627004e-01
8.500000e-01 3.682000e+01 4.653122e-01
8.600000e-01 3.682000e+01 4.679500e-01
8.700000e-01 3.682000e+01 4.706124e-01
8.800000e-01 3.682000e+01 4.732984e-01
8.900000e-01 3.682000e+01 4.760066e-01
9.000000e-01 3.682000e+01 4.787358e-01
9.100000e-01 3.682000e+01 4.814850e-01
9.200000e-01 3.682000e+01 4.842530e-01
9.300000e-01 3.682000e+01 4.870387e-01
9.400000e-01 3.682000e+01 4.898411e-01
9.500000e-01 3.682000e+01 4.926592e-01
9.600000e-01 3.682000e+01 4.954920e-01
9.700000e-01 3.682000e+01 4.983386e-01
9.800000e-01 3.682000e+01 5.011982e-01
9.900000e-01 3.682000e+01 5.040698e-01
1.000000e+00 3.682000e+01 5.069526e-01
1.010000e+00 3.682000e+01 5.098459e-01
1.020000e+00 3.682000e+01 5.127490e-01
1.030000e+00 3.682000e+01 5.156611e-01
1.040000e+00 3.682000e+01 5.185815e-01
1.050000e+00 3.682000e+01 5.215097e-01
1.060000e+00 3.682000e+01 5.244450e-01
1.070000e+00 3.682000e+01 5.273869e-01
1.080000e+00 3.682000e+01 5.303347e-01
1.090000e+00 3.682000e+01 5.332880e-01
1.100000e+00 3.682000e+01 5.362463e-01
1.110000e+00 3.682000e+01 5.392092e-01
1.120000e+00 3.682000e+01 5.421761e-01
1.130000e+00 3.682000e+01 5.451468e-01
1.140000e+00 3.682000e+01 5.481207e-01
1.150000e+00 3.682000e+01 5.510975e-01
1.160000e+00 3.682000e+01 5.540769e-01
1.170000e+00 3.682000e+01 5.570585e-01
1.180000e+00 3.682000e+01 5.600420e-01
1.190000e+00 3.682000e+01 5.630272e-01
1.200000e+00 3.682000e+01 5.660137e-01
1.210000e+00 3.682000e+01 5.690013e-01
1.220000e+00 3.682000e+01 5.719897e-01
1.230000e+00 3.682000e+01 5.749788e-01
1.240000e+00 3.682000e+01 5.779681e-01
1.250000e+00 3.682000e+01 5.809577e-01
1.260000e+00 3.682000e+01 5.839472e-01
1.270000e+00 3.682000e+01 5.869364e-01
1.280000e+00 3.682000e+01 5.899252e-01
1.290000e+00 3.682000e+01 5.929135e-01
1.300000e+00 3.682000e+01 5.959009e-01
1.310000e+00 3.682000e+01 5.988874e-01
1.320000e+00 3.682000e+01 6.018729e-01
1.330000e+00 3.682000e+01 6.048571e-01
1.340000e+00 3.682000e+01 6.078399e-01
1.350000e+00 3.682000e+01 6.108213e-01
1.360000e+00 3.682000e+01 6.138010e-01
1.370000e+00 3.682000e+01 6.167789e-01
1.380000e+00 3.682000e+01 6.197549e-01
1.390000e+00 3.682000e+01 6.227290e-01
1.400000e+00 3.682000e+01 6.257009e-01
1.410000e+00 3.682000e+01 6.286706e-01
1.420000e+00 3.682000e+01 6.316379e-01
1.430000e+00 3.682000e+01 6.346028e-01
1.440000e+00 3.682000e+01 6.375651e-01
1.450000e+00 3.682000e+01 6.405248e-01
1.460000e+00 3.682000e+01 6.434817e-01
1.470000e+00 3.682000e+01 6.464357e-01
1.480000e+00 3.682000e+01 6.493867e-01
1.490000e+00 3.682000e+01 6.523347e-01
1.500000e+00 3.682000e+01 6.552796e-01
1.510000e+00 3.682000e+01 6.582211e-01
1.520000e+00 3.682000e+01 6.611593e-01
1.530000e+00 3.682000e+01 6.640941e-01
1.540000e+00 3.682000e+01 6.670253e-01
1.550000e+00 3.682000e+01 6.699529e-01
1.560000e+00 3.682000e+01 6.728767e-01
1.570000e+00 3.682000e+01 6.757967e-01
1.580000e+00 3.682000e+01 6.787128e-01
1.590000e+00 3.682000e+01 6.816249e-01
1.600000e+00 3.682000e+01 6.845328e-01
1.610000e+00 3.682000e+01 6.874366e-01
1.620000e+00 3.682000e+01 6.903361e-01
1.630000e+00 3.682000e+01 6.932312e-01
1.640000e+00 3.682000e+01 6.961219e-01
1.650000e+00 3.682000e+01 6.990079e-01
1.660000e+00 3.682000e+01 7.018893e-01
1.670000e+00 3.682000e+01 7.047660e-01
1.680000e+00 3.682000e+01 7.076379e-01
1.690000e+00 3.682000e+01 7.105048e-01
1.700000e+00 3.682000e+01 7.133667e-01
1.710000e+00 3.682000e+01 7.162235e-01
1.720000e+00 3.682000e+01 7.190751e-01
1.730000e+00 3.682000e+01 7.219214e-01
1.740000e+00 3.682000e+01 7.247623e-01
1.750000e+00 3.682000e+01 7.275978e-01
1.760000e+00 3.682000e+01 7.304277e-01
1.770000e+00 3.682000e+01 7.332520e-01
1.780000e+00 3.682000e+01 7.360705e-01
1.790000e+00 3.682000e+01 7.388833e-01
1.800000e+00 3.682000e+01 7.416901e-01
1.810000e+00 3.682000e+01 7.444909e-01
1.820000e+00 3.682000e+01 7.472857e-01
1.830000e+00 3.682000e+01 7.500743e-01
1.840000e+00 3.682000e+01 7.528566e-01
1.850000e+00 3.682000e+01 7.556326e-01
1.860000e+00 3.682000e+01 7.584022e-01
1.870000e+00 3.682000e+01 7.611653e-01
1.880000e+00 3.682000e+01 7.639218e-01
1.890000e+00 3.682000e+01 7.666716e-01
1.900000e+00 3.682000e+01 7.694147e-01
1.910000e+00 3.682000e+01 7.721509e-01
1.920000e+00 3.682000e+01 7.748803e-01
1.930000e+00 3.682000e+01 7.776027e-01
1.940000e+00 3.682000e+01 7.803180e-01
1.950000e+00 3.682000e+01 7.830261e-01
1.960000e+00 3.682000e+01 7.857270e-01
1.970000e+00 3.682000e+01 7.884207e-01
1.980000e+00 3.682000e+01 7.911069e-01
1.990000e+00 3.682000e+01 7.937858e-01
2.000000e+00 3.682000e+01 7.964571e-01
2.010000e+00 3.682000e+01 7.991208e-01
2.020000e+00 3.682000e+01 8.017769e-01
2.030000e+00 3.682000e+01 8.044252e-01
2.040000e+00 3.682000e+01 8.070657e-01
2.050000e+00 3.682000e+01 8.096984e-01
2.060000e+00 3.682000e+01 8.123231e-01
2.070000e+00 3.682000e+01 8.149398e-01
2.080000e+00 3.682000e+01 8.175485e-01
2.090000e+00 3.682000e+01 8.201491e-01
2.100000e+00 3.682000e+01 8.227414e-01
2.110000e+00 3.682000e+01 8.253255e-01
2.120000e+00 3.682000e+01 8.279013e-01
2.130000e+00 3.682000e+01 8.304687e-01
2.140000e+00 3.682000e+01 8.330277e-01
2.150000e+00 3.682000e+01 8.355782e-01
2.160000e+00 3.682000e+01 8.381202e-01
2.170000e+00 3.682000e+01 8.406535e-01
2.180000e+00 3.682000e+01 8.431783e-01
2.190000e+00 3.682000e+01 8.456943e-01
2.200000e+00 3.682000e+01 8.482015e-01
2.210000e+00 3.682000e+01 8.507000e-01
2.220000e+00 3.682000e+01 8.531896e-01
2.230000e+00 3.682000e+01 8.556703e-01
2.240000e+00 3.682000e+01 8.581421e-01
2.250000e+00 3.682000e+01 8.606049e-01
2.260000e+00 3.682000e+01 8.630586e-01
2.270000e+00 3.682000e+01 8.655033e-01
2.280000e+00 3.682000e+01 8.679388e-01
2.290000e+00 3.682000e+01 8.703652e-01
2.300000e+00 3.682000e+01 8.727824e-01
2.310000e+00 3.682000e+01 8.751903e-01
2.320000e+00 3.682000e+01 8.775890e-01
2.330000e+00 3.682000e+01 8.799783e-01
2.340000e+00 3.682000e+01 8.823583e-01
2.350000e+00 3.682000e+01 8.847290e-01
2.360000e+00 3.682000e+01 8.870902e-01
2.370000e+00 3.682000e+01 8.894420e-01
2.380000e+00 3.682000e+01 8.917843e-01
2.390000e+00 3.682000e+01 8.941171e-01
2.400000e+00 3.682000e+01 8.964403e-01
2.410000e+00 3.682000e+01 8.987540e-01
2.420000e+00 3.682000e+01 9.010581e-01
2.430000e+00 3.682000e+01 9.033526e-01
2.440000e+00 3.682000e+01 9.056375e-01
2.450000e+00 3.682000e+01 9.079127e-01
2.460000e+00 3.682000e+01 9.101783e-01
2.470000e+00 3.682000e+01 9.124341e-01
2.480000e+00 3.682000e+01 9.146802e-01
2.490000e+00 3.682000e+01 9.169166e-01
2.500000e+00 3.682000e+01 nan
