# B-phase Leggett frequency, Hz
# ttc P he3_nu_b
0.000000e+00 0.000000e+00 1.251247e+05
0.000000e+00 1.789474e+00 1.487011e+05
0.000000e+00 3.578947e+00 1.675491e+05
0.000000e+00 5.368421e+00 1.831685e+05
0.000000e+00 7.157895e+00 1.965017e+05
0.000000e+00 8.947368e+00 2.082870e+05
0.000000e+00 1.073684e+01 2.189616e+05
0.000000e+00 1.252632e+01 2.288365e+05
0.000000e+00 1.431579e+01 2.381392e+05
0.000000e+00 1.610526e+01 2.470367e+05
0.000000e+00 1.789474e+01 2.556108e+05
0.000000e+00 1.968421e+01 2.639092e+05
0.000000e+00 2.147368e+01 2.720405e+05
0.000000e+00 2.326316e+01 2.800179e+05
0.000000e+00 2.505263e+01 2.878323e+05
0.000000e+00 2.684211e+01 2.954655e+05
0.000000e+00 2.863158e+01 3.029085e+05
0.000000e+00 3.042105e+01 3.101865e+05
0.000000e+00 3.221053e+01 3.173924e+05
0.000000e+00 3.400000e+01 3.247277e+05
