# magnon spectrum, full formula, middle mode
# ttc P H kv ak bk an bn he3b_spec2
0.000000e+00 0.000000e+00 0.000000e+00 0.000000e+00 0.000000e+00 0.000000e+00 0.000000e+00 5.236000e-01 0.000000e+00
0.000000e+00 0.000000e+00 1.000000e+00 0.000000e+00 0.000000e+00 0.000000e+00 0.000000e+00 5.236000e-01 1.764637e+04
0.000000e+00 0.000000e+00 2.000000e+00 0.000000e+00 0.000000e+00 0.000000e+00 0.000000e+00 5.236000e-01 3.528383e+04
0.000000e+00 0.000000e+00 3.000000e+00 0.000000e+00 0.000000e+00 0.000000e+00 0.000000e+00 5.236000e-01 5.290341e+04
0.000000e+00 0.000000e+00 4.000000e+00 0.000000e+00 0.000000e+00 0.000000e+00 0.000000e+00 5.236000e-01 7.049598e+04
0.000000e+00 0.000000e+00 5.000000e+00 0.000000e+00 0.000000e+00 0.000000e+00 0.000000e+00 5.236000e-01 8.805224e+04
0.000000e+00 0.000000e+00 6.000000e+00 0.000000e+00 0.000000e+00 0.000000e+00 0.000000e+00 5.236000e-01 1.055626e+05
0.000000e+00 0.000000e+00 7.000000e+00 0.000000e+00 0.000000e+00 0.000000e+00 0.000000e+00 5.236000e-01 1.230171e+05
0.000000e+00 0.000000e+00 8.000000e+00 0.000000e+00 0.000000e+00 0.000000e+00 0.000000e+00 5.236000e-01 1.404055e+05
0.000000e+00 0.000000e+00 9.000000e+00 0.000000e+00 0.000000e+00 0.000000e+00 0.000000e+00 5.236000e-01 1.577167e+05
0.000000e+00 0.000000e+00 1.000000e+01 0.000000e+00 0.000000e+00 0.000000e+00 0.000000e+00 5.236000e-01 1.749396e+05
0.000000e+00 0.000000e+00 1.100000e+01 0.000000e+00 0.000000e+00 0.000000e+00 0.000000e+00 5.236000e-01 1.920619e+05
0.000000e+00 0.000000e+00 1.200000e+01 0.000000e+00 0.000000e+00 0.000000e+00 0.000000e+00 5.236000e-01 2.090709e+05
0.000000e+00 0.000000e+00 1.300000e+01 0.000000e+00 0.000000e+00 0.000000e+00 0.000000e+00 5.236000e-01 2.259530e+05
0.000000e+00 0.000000e+00 1.400000e+01 0.000000e+00 0.000000e+00 0.000000e+00 0.000000e+00 5.236000e-01 2.426937e+05
0.000000e+00 0.000000e+00 1.500000e+01 0.000000e+00 0.000000e+00 0.000000e+00 0.000000e+00 5.236000e-01 2.592776e+05
0.000000e+00 0.000000e+00 1.600000e+01 0.000000e+00 0.000000e+00 0.000000e+00 0.000000e+00 5.236000e-01 2.756883e+05
0.000000e+00 0.000000e+00 1.700000e+01 0.000000e+00 0.000000e+00 0.000000e+00 0.000000e+00 5.236000e-01 2.919082e+05
0.000000e+00 0.000000e+00 1.800000e+01 0.000000e+00 0.000000e+00 0.000000e+00 0.000000e+00 5.236000e-01 3.079187e+05
0.000000e+00 0.000000e+00 1.900000e+01 0.000000e+00 0.000000e+00 0.000000e+00 0.000000e+00 5.236000e-01 3.237002e+05
0.000000e+00 0.000000e+00 2.000000e+01 0.000000e+00 0.000000e+00 0.000000e+00 0.000000e+00 5.236000e-01 3.392317e+05
0.000000e+00 0.000000e+00 2.100000e+01 0.000000e+00 0.000000e+00 0.000000e+00 0.000000e+00 5.236000e-01 3.544915e+05
0.000000e+00 0.000000e+00 2.200000e+01 0.000000e+00 0.000000e+00 0.000000e+00 0.000000e+00 5.236000e-01 3.694568e+05
0.000000e+00 0.000000e+00 2.300000e+01 0.000000e+00 0.000000e+00 0.000000e+00 0.000000e+00 5.236000e-01 3.841041e+05
0.000000e+00 0.000000e+00 2.400000e+01 0.000000e+00 0.000000e+00 0.000000e+00 0.000000e+00 5.236000e-01 3.984093e+05
0.000000e+00 0.000000e+00 2.500000e+01 0.000000e+00 0.000000e+00 0.000000e+00 0.000000e+00 5.236000e-01 4.123480e+05
0.000000e+00 0.000000e+00 2.600000e+01 0.000000e+00 0.000000e+00 0.000000e+00 0.000000e+00 5.236000e-01 4.258963e+05
0.000000e+00 0.000000e+00 2.700000e+01 0.000000e+00 0.000000e+00 0.000000e+00 0.000000e+00 5.236000e-01 4.390307e+05
0.000000e+00 0.000000e+00 2.800000e+01 0.000000e+00 0.000000e+00 0.000000e+00 0.000000e+00 5.236000e-01 4.517286e+05
0.000000e+00 0.000000e+00 2.900000e+01 0.000000e+00 0.000000e+00 0.000000e+00 0.000000e+00 5.236000e-01 4.639695e+05
0.000000e+00 0.000000e+00 3.000000e+01 0.000000e+00 0.000000e+00 0.000000e+00 0.000000e+00 5.236000e-01 4.757348e+05
0.000000e+00 0.000000e+00 3.100000e+01 0.000000e+00 0.000000e+00 0.000000e+00 0.000000e+00 5.236000e-01 4.870092e+05
0.000000e+00 0.000000e+00 3.200000e+01 0.000000e+00 0.000000e+00 0.000000e+00 0.000000e+00 5.236000e-01 4.977802e+05
0.000000e+00 0.000000e+00 3.300000e+01 0.000000e+00 0.000000e+00 0.000000e+00 0.000000e+00 5.236000e-01 5.080396e+05
0.000000e+00 0.000000e+00 3.400000e+01 0.000000e+00 0.000000e+00 0.000000e+00 0.000000e+00 5.236000e-01 5.177829e+05
0.000000e+00 0.000000e+00 3.500000e+01 0.000000e+00 0.000000e+00 0.000000e+00 0.000000e+00 5.236000e-01 5.270102e+05
0.000000e+00 0.000000e+00 3.600000e+01 0.000000e+00 0.000000e+00 0.000000e+00 0.000000e+00 5.236000e-01 5.357254e+05
0.000000e+00 0.000000e+00 3.700000e+01 0.000000e+00 0.000000e+00 0.000000e+00 0.000000e+00 5.236000e-01 5.439369e+05
0.000000e+00 0.000000e+00 3.800000e+01 0.000000e+00 0.000000e+00 0.000000e+00 0.000000e+00 5.236000e-01 5.516564e+05
0.000000e+00 0.000000e+00 3.900000e+01 0.000000e+00 0.000000e+00 0.000000e+00 0.000000e+00 5.236000e-01 5.588993e+05
0.000000e+00 0.000000e+00 4.000000e+01 0.000000e+00 0.000000e+00 0.000000e+00 0.000000e+00 5.236000e-01 5.656832e+05
0.000000e+00 0.000000e+00 4.100000e+01 0.000000e+00 0.000000e+00 0.000000e+00 0.000000e+00 5.236000e-01 5.720284e+05
0.000000e+00 0.000000e+00 4.200000e+01 0.000000e+00 0.000000e+00 0.000000e+00 0.000000e+00 5.236000e-01 5.779563e+05
0.000000e+00 0.000000e+00 4.300000e+01 0.000000e+00 0.000000e+00 0.000000e+00 0.000000e+00 5.236000e-01 5.834896e+05
0.000000e+00 0.000000e+00 4.400000e+01 0.000000e+00 0.000000e+00 0.000000e+00 0.000000e+00 5.236000e-01 5.886513e+05
0.000000e+00 0.000000e+00 4.500000e+01 0.000000e+00 0.000000e+00 0.000000e+00 0.000000e+00 5.236000e-01 5.934647e+05
0.000000e+00 0.000000e+00 4.600000e+01 0.000000e+00 0.000000e+00 0.000000e+00 0.000000e+00 5.236000e-01 5.979526e+05
0.000000e+00 0.000000e+00 4.700000e+01 0.000000e+00 0.000000e+00 0.000000e+00 0.000000e+00 5.236000e-01 6.021371e+05
0.000000e+00 0.000000e+00 4.800000e+01 0.000000e+00 0.000000e+00 0.000000e+00 0.000000e+00 5.236000e-01 6.060396e+05
0.000000e+00 0.000000e+00 4.900000e+01 0.000000e+00 0.000000e+00 0.000000e+00 0.000000e+00 5.236000e-01 6.096805e+05
0.000000e+00 0.000000e+00 5.000000e+01 0.000000e+00 0.000000e+00 0.000000e+00 0.000000e+00 5.236000e-01 6.130791e+05
0.000000e+00 0.000000e+00 5.100000e+01 0.000000e+00 0.000000e+00 0.000000e+00 0.000000e+00 5.236000e-01 6.162533e+05
0.000000e+00 0.000000e+00 5.200000e+01 0.000000e+00 0.000000e+00 0.000000e+00 0.000000e+00 5.236000e-01 6.192202e+05
0.000000e+00 0.000000e+00 5.300000e+01 0.000000e+00 0.000000e+00 0.000000e+00 0.000000e+00 5.236000e-01 6.219955e+05
0.000000e+00 0.000000e+00 5.400000e+01 0.000000e+00 0.000000e+00 0.000000e+00 0.000000e+00 5.236000e-01 6.245936e+05
0.000000e+00 0.000000e+00 5.500000e+01 0.000000e+00 0.000000e+00 0.000000e+00 0.000000e+00 5.236000e-01 6.270281e+05
0.000000e+00 0.000000e+00 5.600000e+01 0.000000e+00 0.000000e+00 0.000000e+00 0.000000e+00 5.236000e-01 6.293115e+05
0.000000e+00 0.000000e+00 5.700000e+01 0.000000e+00 0.000000e+00 0.000000e+00 0.000000e+00 5.236000e-01 6.314550e+05
0.000000e+00 0.000000e+00 5.800000e+01 0.000000e+00 0.000000e+00 0.000000e+00 0.000000e+00 5.236000e-01 6.334693e+05
0.000000e+00 0.000000e+00 5.900000e+01 0.000000e+00 0.000000e+00 0.000000e+00 0.000000e+00 5.236000e-01 6.353639e+05
0.000000e+00 0.000000e+00 6.000000e+01 0.000000e+00 0.000000e+00 0.000000e+00 0.000000e+00 5.236000e-01 6.371478e+05
0.000000e+00 0.000000e+00 6.100000e+01 0.000000e+00 0.000000e+00 0.000000e+00 0.000000e+00 5.236000e-01 6.388291e+05
0.000000e+00 0.000000e+00 6.200000e+01 0.000000e+00 0.000000e+00 0.000000e+00 0.000000e+00 5.236000e-01 6.404151e+05
0.000000e+00 0.000000e+00 6.300000e+01 0.000000e+00 0.000000e+00 0.000000e+00 0.000000e+00 5.236000e-01 6.419128e+05
0.000000e+00 0.000000e+00 6.400000e+01 0.000000e+00 0.000000e+00 0.000000e+00 0.000000e+00 5.236000e-01 6.433284e+05
0.000000e+00 0.000000e+00 6.500000e+01 0.000000e+00 0.000000e+00 0.000000e+00 0.000000e+00 5.236000e-01 6.446676e+05
0.000000e+00 0.000000e+00 6.600000e+01 0.000000e+00 0.000000e+00 0.000000e+00 0.000000e+00 5.236000e-01 6.459358e+05
0.000000e+00 0.000000e+00 6.700000e+01 0.000000e+00 0.000000e+00 0.000000e+00 0.000000e+00 5.236000e-01 6.471378e+05
0.000000e+00 0.000000e+00 6.800000e+01 0.000000e+00 0.000000e+00 0.000000e+00 0.000000e+00 5.236000e-01 6.482781e+05
0.000000e+00 0.000000e+00 6.900000e+01 0.000000e+00 0.000000e+00 0.000000e+00 0.000000e+00 5.236000e-01 6.493608e+05
0.000000e+00 0.000000e+00 7.000000e+01 0.000000e+00 0.000000e+00 0.000000e+00 0.000000e+00 5.236000e-01 6.503897e+05
0.000000e+00 0.000000e+00 7.100000e+01 0.000000e+00 0.000000e+00 0.000000e+00 0.000000e+00 5.236000e-01 6.513682e+05
0.000000e+00 0.000000e+00 7.200000e+01 0.000000e+00 0.000000e+00 0.000000e+00 0.000000e+00 5.236000e-01 6.522995e+05
0.000000e+00 0.000000e+00 7.300000e+01 0.000000e+00 0.000000e+00 0.000000e+00 0.000000e+00 5.236000e-01 6.531868e+05
0.000000e+00 0.000000e+00 7.400000e+01 0.000000e+00 0.000000e+00 0.000000e+00 0.000000e+00 5.236000e-01 6.540326e+05
0.000000e+00 0.000000e+00 7.500000e+01 0.000000e+00 0.000000e+00 0.000000e+00 0.000000e+00 5.236000e-01 6.548395e+05
0.000000e+00 0.000000e+00 7.600000e+01 0.000000e+00 0.000000e+00 0.000000e+00 0.000000e+00 5.236000e-01 6.556099e+05
0.000000e+00 0.000000e+00 7.700000e+01 0.000000e+00 0.000000e+00 0.000000e+00 0.000000e+00 5.236000e-01 6.563460e+05
0.000000e+00 0.000000e+00 7.800000e+01 0.000000e+00 0.000000e+00 0.000000e+00 0.000000e+00 5.236000e-01 6.570498e+05
0.000000e+00 0.000000e+00 7.900000e+01 0.000000e+00 0.000000e+00 0.000000e+00 0.000000e+00 5.236000e-01 6.577230e+05
0.000000e+00 0.000000e+00 8.000000e+01 0.000000e+00 0.000000e+00 0.000000e+00 0.000000e+00 5.236000e-01 6.583676e+05
