# magnon spectrum, full formula, middle mode
# ttc P H kv ak bk an bn he3b_spec2
0.000000e+00 0.000000e+00 0.000000e+00 0.000000e+00 0.000000e+00 0.000000e+00 0.000000e+00 1.570800e+00 0.000000e+00
0.000000e+00 0.000000e+00 1.000000e+00 0.000000e+00 0.000000e+00 0.000000e+00 0.000000e+00 1.570800e+00 7.480877e-02
0.000000e+00 0.000000e+00 2.000000e+00 0.000000e+00 0.000000e+00 0.000000e+00 0.000000e+00 1.570800e+00 1.495383e-01
0.000000e+00 0.000000e+00 3.000000e+00 0.000000e+00 0.000000e+00 0.000000e+00 0.000000e+00 1.570800e+00 2.238748e-01
0.000000e+00 0.000000e+00 4.000000e+00 0.000000e+00 0.000000e+00 0.000000e+00 0.000000e+00 1.570800e+00 2.978413e-01
0.000000e+00 0.000000e+00 5.000000e+00 0.000000e+00 0.000000e+00 0.000000e+00 0.000000e+00 1.570800e+00 3.711705e-01
0.000000e+00 0.000000e+00 6.000000e+00 0.000000e+00 0.000000e+00 0.000000e+00 0.000000e+00 1.570800e+00 4.438031e-01
0.000000e+00 0.000000e+00 7.000000e+00 0.000000e+00 0.000000e+00 0.000000e+00 0.000000e+00 1.570800e+00 5.155575e-01
0.000000e+00 0.000000e+00 8.000000e+00 0.000000e+00 0.000000e+00 0.000000e+00 0.000000e+00 1.570800e+00 5.863694e-01
0.000000e+00 0.000000e+00 9.000000e+00 0.000000e+00 0.000000e+00 0.000000e+00 0.000000e+00 1.570800e+00 6.560524e-01
0.000000e+00 0.000000e+00 1.000000e+01 0.000000e+00 0.000000e+00 0.000000e+00 0.000000e+00 1.570800e+00 7.245900e-01
0.000000e+00 0.000000e+00 1.100000e+01 0.000000e+00 0.000000e+00 0.000000e+00 0.000000e+00 1.570800e+00 7.918233e-01
0.000000e+00 0.000000e+00 1.200000e+01 0.000000e+00 0.000000e+00 0.000000e+00 0.000000e+00 1.570800e+00 8.577083e-01
0.000000e+00 0.000000e+00 1.300000e+01 0.000000e+00 0.000000e+00 0.000000e+00 0.000000e+00 1.570800e+00 9.221464e-01
0.000000e+00 0.000000e+00 1.400000e+01 0.000000e+00 0.000000e+00 0.000000e+00 0.000000e+00 1.570800e+00 9.850902e-01
0.000000e+00 0.000000e+00 1.500000e+01 0.000000e+00 0.000000e+00 0.000000e+00 0.000000e+00 1.570800e+00 1.046487e+00
0.000000e+00 0.000000e+00 1.600000e+01 0.000000e+00 0.000000e+00 0.000000e+00 0.000000e+00 1.570800e+00 1.106274e+00
0.000000e+00 0.000000e+00 1.700000e+01 0.000000e+00 0.000000e+00 0.000000e+00 0.000000e+00 1.570800e+00 1.164465e+00
0.000000e+00 0.000000e+00 1.800000e+01 0.000000e+00 0.000000e+00 0.000000e+00 0.000000e+00 1.570800e+00 1.221003e+00
0.000000e+00 0.000000e+00 1.900000e+01 0.000000e+00 0.000000e+00 0.000000e+00 0.000000e+00 1.570800e+00 1.275877e+00
0.000000e+00 0.000000e+00 2.000000e+01 0.000000e+00 0.000000e+00 0.000000e+00 0.000000e+00 1.570800e+00 1.329078e+00
0.000000e+00 0.000000e+00 2.100000e+01 0.000000e+00 0.000000e+00 0.000000e+00 0.000000e+00 1.570800e+00 1.380622e+00
0.000000e+00 0.000000e+00 2.200000e+01 0.000000e+00 0.000000e+00 0.000000e+00 0.000000e+00 1.570800e+00 1.430524e+00
0.000000e+00 0.000000e+00 2.300000e+01 0.000000e+00 0.000000e+00 0.000000e+00 0.000000e+00 1.570800e+00 1.478765e+00
0.000000e+00 0.000000e+00 2.400000e+01 0.000000e+00 0.000000e+00 0.000000e+00 0.000000e+00 1.570800e+00 1.525393e+00
0.000000e+00 0.000000e+00 2.500000e+01 0.000000e+00 0.000000e+00 0.000000e+00 0.000000e+00 1.570800e+00 1.570426e+00
0.000000e+00 0.000000e+00 2.600000e+01 0.000000e+00 0.000000e+00 0.000000e+00 0.000000e+00 1.570800e+00 1.613888e+00
0.000000e+00 0.000000e+00 2.700000e+01 0.000000e+00 0.000000e+00 0.000000e+00 0.000000e+00 1.570800e+00 1.655812e+00
0.000000e+00 0.000000e+00 2.800000e+01 0.000000e+00 0.000000e+00 0.000000e+00 0.000000e+00 1.570800e+00 1.696227e+00
0.000000e+00 0.000000e+00 2.900000e+01 0.000000e+00 0.000000e+00 0.000000e+00 0.000000e+00 1.570800e+00 1.735177e+00
0.000000e+00 0.000000e+00 3.000000e+01 0.000000e+00 0.000000e+00 0.000000e+00 0.000000e+00 1.570800e+00 1.772706e+00
0.000000e+00 0.000000e+00 3.100000e+01 0.000000e+00 0.000000e+00 0.000000e+00 0.000000e+00 1.570800e+00 1.808846e+00
0.000000e+00 0.000000e+00 3.200000e+01 0.000000e+00 0.000000e+00 0.000000e+00 0.000000e+00 1.570800e+00 1.843636e+00
0.000000e+00 0.000000e+00 3.300000e+01 0.000000e+00 0.000000e+00 0.000000e+00 0.000000e+00 1.570800e+00 1.877123e+00
0.000000e+00 0.000000e+00 3.400000e+01 0.000000e+00 0.000000e+00 0.000000e+00 0.000000e+00 1.570800e+00 1.909347e+00
0.000000e+00 0.000000e+00 3.500000e+01 0.000000e+00 0.000000e+00 0.000000e+00 0.000000e+00 1.570800e+00 1.940344e+00
0.000000e+00 0.000000e+00 3.600000e+01 0.000000e+00 0.000000e+00 0.000000e+00 0.000000e+00 1.570800e+00 1.970181e+00
0.000000e+00 0.000000e+00 3.700000e+01 0.000000e+00 0.000000e+00 0.000000e+00 0.000000e+00 1.570800e+00 1.998875e+00
0.000000e+00 0.000000e+00 3.800000e+01 0.000000e+00 0.000000e+00 0.000000e+00 0.000000e+00 1.570800e+00 2.026472e+00
0.000000e+00 0.000000e+00 3.900000e+01 0.000000e+00 0.000000e+00 0.000000e+00 0.000000e+00 1.570800e+00 2.053024e+00
0.000000e+00 0.000000e+00 4.000000e+01 0.000000e+00 0.000000e+00 0.000000e+00 0.000000e+00 1.570800e+00 2.078547e+00
0.000000e+00 0.000000e+00 4.100000e+01 0.000000e+00 0.000000e+00 0.000000e+00 0.000000e+00 1.570800e+00 2.103110e+00
0.000000e+00 0.000000e+00 4.200000e+01 0.000000e+00 0.000000e+00 0.000000e+00 0.000000e+00 1.570800e+00 2.126737e+00
0.000000e+00 0.000000e+00 4.300000e+01 0.000000e+00 0.000000e+00 0.000000e+00 0.000000e+00 1.570800e+00 2.149468e+00
0.000000e+00 0.000000e+00 4.400000e+01 0.000000e+00 0.000000e+00 0.000000e+00 0.000000e+00 1.570800e+00 2.171350e+00
0.000000e+00 0.000000e+00 4.500000e+01 0.000000e+00 0.000000e+00 0.000000e+00 0.000000e+00 1.570800e+00 2.192378e+00
0.000000e+00 0.000000e+00 4.600000e+01 0.000000e+00 0.000000e+00 0.000000e+00 0.000000e+00 1.570800e+00 2.212642e+00
0.000000e+00 0.000000e+00 4.700000e+01 0.000000e+00 0.000000e+00 0.000000e+00 0.000000e+00 1.570800e+00 2.232126e+00
0.000000e+00 0.000000e+00 4.800000e+01 0.000000e+00 0.000000e+00 0.000000e+00 0.000000e+00 1.570800e+00 2.250873e+00
0.000000e+00 0.000000e+00 4.900000e+01 0.000000e+00 0.000000e+00 0.000000e+00 0.000000e+00 1.570800e+00 2.268931e+00
0.000000e+00 0.000000e+00 5.000000e+01 0.000000e+00 0.000000e+00 0.000000e+00 0.000000e+00 1.570800e+00 2.286334e+00
0.000000e+00 0.000000e+00 5.100000e+01 0.000000e+00 0.000000e+00 0.000000e+00 0.000000e+00 1.570800e+00 2.303079e+00
0.000000e+00 0.000000e+00 5.200000e+01 0.000000e+00 0.000000e+00 0.000000e+00 0.000000e+00 1.570800e+00 2.319207e+00
0.000000e+00 0.000000e+00 5.300000e+01 0.000000e+00 0.000000e+00 0.000000e+00 0.000000e+00 1.570800e+00 2.334764e+00
0.000000e+00 0.000000e+00 5.400000e+01 0.000000e+00 0.000000e+00 0.000000e+00 0.000000e+00 1.570800e+00 2.349736e+00
0.000000e+00 0.000000e+00 5.500000e+01 0.000000e+00 0.000000e+00 0.000000e+00 0.000000e+00 1.570800e+00 2.364178e+00
0.000000e+00 0.000000e+00 5.600000e+01 0.000000e+00 0.000000e+00 0.000000e+00 0.000000e+00 1.570800e+00 2.378103e+00
0.000000e+00 0.000000e+00 5.700000e+01 0.000000e+00 0.000000e+00 0.000000e+00 0.000000e+00 1.570800e+00 2.391507e+00
0.000000e+00 0.000000e+00 5.800000e+01 0.000000e+00 0.000000e+00 0.000000e+00 0.000000e+00 1.570800e+00 2.404456e+00
0.000000e+00 0.000000e+00 5.900000e+01 0.000000e+00 0.000000e+00 0.000000e+00 0.000000e+00 1.570800e+00 2.416951e+00
0.000000e+00 0.000000e+00 6.000000e+01 0.000000e+00 0.000000e+00 0.000000e+00 0.000000e+00 1.570800e+00 2.429020e+00
0.000000e+00 0.000000e+00 6.100000e+01 0.000000e+00 0.000000e+00 0.000000e+00 0.000000e+00 1.570800e+00 2.440643e+00
0.000000e+00 0.000000e+00 6.200000e+01 0.000000e+00 0.000000e+00 0.000000e+00 0.000000e+00 1.570800e+00 2.451878e+00
0.000000e+00 0.000000e+00 6.300000e+01 0.000000e+00 0.000000e+00 0.000000e+00 0.000000e+00 1.570800e+00 2.462737e+00
0.000000e+00 0.000000e+00 6.400000e+01 0.000000e+00 0.000000e+00 0.000000e+00 0.000000e+00 1.570800e+00 2.473206e+00
0.000000e+00 0.000000e+00 6.500000e+01 0.000000e+00 0.000000e+00 0.000000e+00 0.000000e+00 1.570800e+00 2.483325e+00
0.000000e+00 0.000000e+00 6.600000e+01 0.000000e+00 0.000000e+00 0.000000e+00 0.000000e+00 1.570800e+00 2.493113e+00
0.000000e+00 0.000000e+00 6.700000e+01 0.000000e+00 0.000000e+00 0.000000e+00 0.000000e+00 1.570800e+00 2.502589e+00
0.000000e+00 0.000000e+00 6.800000e+01 0.000000e+00 0.000000e+00 0.000000e+00 0.000000e+00 1.570800e+00 2.511718e+00
0.000000e+00 0.000000e+00 6.900000e+01 0.000000e+00 0.000000e+00 0.000000e+00 0.000000e+00 1.570800e+00 2.520579e+00
0.000000e+00 0.000000e+00 7.000000e+01 0.000000e+00 0.000000e+00 0.000000e+00 0.000000e+00 1.570800e+00 2.529141e+00
0.000000e+00 0.000000e+00 7.100000e+01 0.000000e+00 0.000000e+00 0.000000e+00 0.000000e+00 1.570800e+00 2.537399e+00
0.000000e+00 0.000000e+00 7.200000e+01 0.000000e+00 0.000000e+00 0.000000e+00 0.000000e+00 1.570800e+00 2.545410e+00
0.000000e+00 0.000000e+00 7.300000e+01 0.000000e+00 0.000000e+00 0.000000e+00 0.000000e+00 1.570800e+00 2.553176e+00
0.000000e+00 0.000000e+00 7.400000e+01 0.000000e+00 0.000000e+00 0.000000e+00 0.000000e+00 1.570800e+00 2.560696e+00
0.000000e+00 0.000000e+00 7.500000e+01 0.000000e+00 0.000000e+00 0.000000e+00 0.000000e+00 1.570800e+00 2.567970e+00
0.000000e+00 0.000000e+00 7.600000e+01 0.000000e+00 0.000000e+00 0.000000e+00 0.000000e+00 1.570800e+00 2.575034e+00
0.000000e+00 0.000000e+00 7.700000e+01 0.000000e+00 0.000000e+00 0.000000e+00 0.000000e+00 1.570800e+00 2.581857e+00
0.000000e+00 0.000000e+00 7.800000e+01 0.000000e+00 0.000000e+00 0.000000e+00 0.000000e+00 1.570800e+00 2.588508e+00
0.000000e+00 0.000000e+00 7.900000e+01 0.000000e+00 0.000000e+00 0.000000e+00 0.000000e+00 1.570800e+00 2.594925e+00
0.000000e+00 0.000000e+00 8.000000e+01 0.000000e+00 0.000000e+00 0.000000e+00 0.000000e+00 1.570800e+00 2.601145e+00
