# optical magnon spectrum, simple formula
# ttc P H kv ak bk an bn he3b_spec2s
0.000000e+00 0.000000e+00 0.000000e+00 0.000000e+00 0.000000e+00 0.000000e+00 0.000000e+00 1.570800e+00 5.559142e+05
0.000000e+00 0.000000e+00 1.000000e+00 0.000000e+00 0.000000e+00 0.000000e+00 0.000000e+00 1.570800e+00 5.661966e+05
0.000000e+00 0.000000e+00 2.000000e+00 0.000000e+00 0.000000e+00 0.000000e+00 0.000000e+00 1.570800e+00 5.766656e+05
0.000000e+00 0.000000e+00 3.000000e+00 0.000000e+00 0.000000e+00 0.000000e+00 0.000000e+00 1.570800e+00 5.873209e+05
0.000000e+00 0.000000e+00 4.000000e+00 0.000000e+00 0.000000e+00 0.000000e+00 0.000000e+00 1.570800e+00 5.981622e+05
0.000000e+00 0.000000e+00 5.000000e+00 0.000000e+00 0.000000e+00 0.000000e+00 0.000000e+00 1.570800e+00 6.091887e+05
0.000000e+00 0.000000e+00 6.000000e+00 0.000000e+00 0.000000e+00 0.000000e+00 0.000000e+00 1.570800e+00 6.203995e+05
0.000000e+00 0.000000e+00 7.000000e+00 0.000000e+00 0.000000e+00 0.000000e+00 0.000000e+00 1.570800e+00 6.317938e+05
0.000000e+00 0.000000e+00 8.000000e+00 0.000000e+00 0.000000e+00 0.000000e+00 0.000000e+00 1.570800e+00 6.433703e+05
0.000000e+00 0.000000e+00 9.000000e+00 0.000000e+00 0.000000e+00 0.000000e+00 0.000000e+00 1.570800e+00 6.551277e+05
0.000000e+00 0.000000e+00 1.000000e+01 0.000000e+00 0.000000e+00 0.000000e+00 0.000000e+00 1.570800e+00 6.670644e+05
0.000000e+00 0.000000e+00 1.100000e+01 0.000000e+00 0.000000e+00 0.000000e+00 0.000000e+00 1.570800e+00 6.791789e+05
0.000000e+00 0.000000e+00 1.200000e+01 0.000000e+00 0.000000e+00 0.000000e+00 0.000000e+00 1.570800e+00 6.914692e+05
0.000000e+00 0.000000e+00 1.300000e+01 0.000000e+00 0.000000e+00 0.000000e+00 0.000000e+00 1.570800e+00 7.039335e+05
0.000000e+00 0.000000e+00 1.400000e+01 0.000000e+00 0.000000e+00 0.000000e+00 0.000000e+00 1.570800e+00 7.165697e+05
0.000000e+00 0.000000e+00 1.500000e+01 0.000000e+00 0.000000e+00 0.000000e+00 0.000000e+00 1.570800e+00 7.293757e+05
0.000000e+00 0.000000e+00 1.600000e+01 0.000000e+00 0.000000e+00 0.000000e+00 0.000000e+00 1.570800e+00 7.423490e+05
0.000000e+00 0.000000e+00 1.700000e+01 0.000000e+00 0.000000e+00 0.000000e+00 0.000000e+00 1.570800e+00 7.554873e+05
0.000000e+00 0.000000e+00 1.800000e+01 0.000000e+00 0.000000e+00 0.000000e+00 0.000000e+00 1.570800e+00 7.687881e+05
0.000000e+00 0.000000e+00 1.900000e+01 0.000000e+00 0.000000e+00 0.000000e+00 0.000000e+00 1.570800e+00 7.822488e+05
0.000000e+00 0.000000e+00 2.000000e+01 0.000000e+00 0.000000e+00 0.000000e+00 0.000000e+00 1.570800e+00 7.958669e+05
0.000000e+00 0.000000e+00 2.100000e+01 0.000000e+00 0.000000e+00 0.000000e+00 0.000000e+00 1.570800e+00 8.096395e+05
0.000000e+00 0.000000e+00 2.200000e+01 0.000000e+00 0.000000e+00 0.000000e+00 0.000000e+00 1.570800e+00 8.235639e+05
0.000000e+00 0.000000e+00 2.300000e+01 0.000000e+00 0.000000e+00 0.000000e+00 0.000000e+00 1.570800e+00 8.376372e+05
0.000000e+00 0.000000e+00 2.400000e+01 0.000000e+00 0.000000e+00 0.000000e+00 0.000000e+00 1.570800e+00 8.518567e+05
0.000000e+00 0.000000e+00 2.500000e+01 0.000000e+00 0.000000e+00 0.000000e+00 0.000000e+00 1.570800e+00 8.662194e+05
0.000000e+00 0.000000e+00 2.600000e+01 0.000000e+00 0.000000e+00 0.000000e+00 0.000000e+00 1.570800e+00 8.807224e+05
0.000000e+00 0.000000e+00 2.700000e+01 0.000000e+00 0.000000e+00 0.000000e+00 0.000000e+00 1.570800e+00 8.953628e+05
0.000000e+00 0.000000e+00 2.800000e+01 0.000000e+00 0.000000e+00 0.000000e+00 0.000000e+00 1.570800e+00 9.101377e+05
0.000000e+00 0.000000e+00 2.900000e+01 0.000000e+00 0.000000e+00 0.000000e+00 0.000000e+00 1.570800e+00 9.250440e+05
0.000000e+00 0.000000e+00 3.000000e+01 0.000000e+00 0.000000e+00 0.000000e+00 0.000000e+00 1.570800e+00 9.400790e+05
0.000000e+00 0.000000e+00 3.100000e+01 0.000000e+00 0.000000e+00 0.000000e+00 0.000000e+00 1.570800e+00 9.552396e+05
0.000000e+00 0.000000e+00 3.200000e+01 0.000000e+00 0.000000e+00 0.000000e+00 0.000000e+00 1.570800e+00 9.705229e+05
0.000000e+00 0.000000e+00 3.300000e+01 0.000000e+00 0.000000e+00 0.000000e+00 0.000000e+00 1.570800e+00 9.859261e+05
0.000000e+00 0.000000e+00 3.400000e+01 0.000000e+00 0.000000e+00 0.000000e+00 0.000000e+00 1.570800e+00 1.001446e+06
0.000000e+00 0.000000e+00 3.500000e+01 0.000000e+00 0.000000e+00 0.000000e+00 0.000000e+00 1.570800e+00 1.017081e+06
0.000000e+00 0.000000e+00 3.600000e+01 0.000000e+00 0.000000e+00 0.000000e+00 0.000000e+00 1.570800e+00 1.032826e+06
0.000000e+00 0.000000e+00 3.700000e+01 0.000000e+00 0.000000e+00 0.000000e+00 0.000000e+00 1.570800e+00 1.048681e+06
0.000000e+00 0.000000e+00 3.800000e+01 0.000000e+00 0.000000e+00 0.000000e+00 0.000000e+00 1.570800e+00 1.064641e+06
0.000000e+00 0.000000e+00 3.900000e+01 0.000000e+00 0.000000e+00 0.000000e+00 0.000000e+00 1.570800e+00 1.080704e+06
0.000000e+00 0.000000e+00 4.000000e+01 0.000000e+00 0.000000e+00 0.000000e+00 0.000000e+00 1.570800e+00 1.096868e+06
0.000000e+00 0.000000e+00 4.100000e+01 0.000000e+00 0.000000e+00 0.000000e+00 0.000000e+00 1.570800e+00 1.113130e+06
0.000000e+00 0.000000e+00 4.200000e+01 0.000000e+00 0.000000e+00 0.000000e+00 0.000000e+00 1.570800e+00 1.129487e+06
0.000000e+00 0.000000e+00 4.300000e+01 0.000000e+00 0.000000e+00 0.000000e+00 0.000000e+00 1.570800e+00 1.145938e+06
0.000000e+00 0.000000e+00 4.400000e+01 0.000000e+00 0.000000e+00 0.000000e+00 0.000000e+00 1.570800e+00 1.162478e+06
0.000000e+00 0.000000e+00 4.500000e+01 0.000000e+00 0.000000e+00 0.000000e+00 0.000000e+00 1.570800e+00 1.179107e+06
0.000000e+00 0.000000e+00 4.600000e+01 0.000000e+00 0.000000e+00 0.000000e+00 0.000000e+00 1.570800e+00 1.195822e+06
0.000000e+00 0.000000e+00 4.700000e+01 0.000000e+00 0.000000e+00 0.000000e+00 0.000000e+00 1.570800e+00 1.212620e+06
0.000000e+00 0.000000e+00 4.800000e+01 0.000000e+00 0.000000e+00 0.000000e+00 0.000000e+00 1.570800e+00 1.229499e+06
0.000000e+00 0.000000e+00 4.900000e+01 0.000000e+00 0.000000e+00 0.000000e+00 0.000000e+00 1.570800e+00 1.246457e+06
0.000000e+00 0.000000e+00 5.000000e+01 0.000000e+00 0.000000e+00 0.000000e+00 0.000000e+00 1.570800e+00 1.263492e+06
0.000000e+00 0.000000e+00 5.100000e+01 0.000000e+00 0.000000e+00 0.000000e+00 0.000000e+00 1.570800e+00 1.280602e+06
0.000000e+00 0.000000e+00 5.200000e+01 0.000000e+00 0.000000e+00 0.000000e+00 0.000000e+00 1.570800e+00 1.297785e+06
0.000000e+00 0.000000e+00 5.300000e+01 0.000000e+00 0.000000e+00 0.000000e+00 0.000000e+00 1.570800e+00 1.315039e+06
0.000000e+00 0.000000e+00 5.400000e+01 0.000000e+00 0.000000e+00 0.000000e+00 0.000000e+00 1.570800e+00 1.332362e+06
0.000000e+00 0.000000e+00 5.500000e+01 0.000000e+00 0.000000e+00 0.000000e+00 0.000000e+00 1.570800e+00 1.349751e+06
0.000000e+00 0.000000e+00 5.600000e+01 0.000000e+00 0.000000e+00 0.000000e+00 0.000000e+00 1.570800e+00 1.367206e+06
0.000000e+00 0.000000e+00 5.700000e+01 0.000000e+00 0.000000e+00 0.000000e+00 0.000000e+00 1.570800e+00 1.384724e+06
0.000000e+00 0.000000e+00 5.800000e+01 0.000000e+00 0.000000e+00 0.000000e+00 0.000000e+00 1.570800e+00 1.402305e+06
0.000000e+00 0.000000e+00 5.900000e+01 0.000000e+00 0.000000e+00 0.000000e+00 0.000000e+00 1.570800e+00 1.419945e+06
0.000000e+00 0.000000e+00 6.000000e+01 0.000000e+00 0.000000e+00 0.000000e+00 0.000000e+00 1.570800e+00 1.437643e+06
0.000000e+00 0.000000e+00 6.100000e+01 0.000000e+00 0.000000e+00 0.000000e+00 0.000000e+00 1.570800e+00 1.455399e+06
0.000000e+00 0.000000e+00 6.200000e+01 0.000000e+00 0.000000e+00 0.000000e+00 0.000000e+00 1.570800e+00 1.473210e+06
0.000000e+00 0.000000e+00 6.300000e+01 0.000000e+00 0.000000e+00 0.000000e+00 0.000000e+00 1.570800e+00 1.491074e+06
0.000000e+00 0.000000e+00 6.400000e+01 0.000000e+00 0.000000e+00 0.000000e+00 0.000000e+00 1.570800e+00 1.508991e+06
0.000000e+00 0.000000e+00 6.500000e+01 0.000000e+00 0.000000e+00 0.000000e+00 0.000000e+00 1.570800e+00 1.526960e+06
0.000000e+00 0.000000e+00 6.600000e+01 0.000000e+00 0.000000e+00 0.000000e+00 0.000000e+00 1.570800e+00 1.544977e+06
0.000000e+00 0.000000e+00 6.700000e+01 0.000000e+00 0.000000e+00 0.000000e+00 0.000000e+00 1.570800e+00 1.563043e+06
0.000000e+00 0.000000e+00 6.800000e+01 0.000000e+00 0.000000e+00 0.000000e+00 0.000000e+00 1.570800e+00 1.581156e+06
0.000000e+00 0.000000e+00 6.900000e+01 0.000000e+00 0.000000e+00 0.000000e+00 0.000000e+00 1.570800e+00 1.599315e+06
0.000000e+00 0.000000e+00 7.000000e+01 0.000000e+00 0.000000e+00 0.000000e+00 0.000000e+00 1.570800e+00 1.617518e+06
0.000000e+00 0.000000e+00 7.100000e+01 0.000000e+00 0.000000e+00 0.000000e+00 0.000000e+00 1.570800e+00 1.635765e+06
0.000000e+00 0.000000e+00 7.200000e+01 0.000000e+00 0.000000e+00 0.000000e+00 0.000000e+00 1.570800e+00 1.654054e+06
0.000000e+00 0.000000e+00 7.300000e+01 0.000000e+00 0.000000e+00 0.000000e+00 0.000000e+00 1.570800e+00 1.672384e+06
0.000000e+00 0.000000e+00 7.400000e+01 0.000000e+00 0.000000e+00 0.000000e+00 0.000000e+00 1.570800e+00 1.690755e+06
0.000000e+00 0.000000e+00 7.500000e+01 0.000000e+00 0.000000e+00 0.000000e+00 0.000000e+00 1.570800e+00 1.709164e+06
0.000000e+00 0.000000e+00 7.600000e+01 0.000000e+00 0.000000e+00 0.000000e+00 0.000000e+00 1.570800e+00 1.727611e+06
0.000000e+00 0.000000e+00 7.700000e+01 0.000000e+00 0.000000e+00 0.000000e+00 0.000000e+00 1.570800e+00 1.746096e+06
0.000000e+00 0.000000e+00 7.800000e+01 0.000000e+00 0.000000e+00 0.000000e+00 0.000000e+00 1.570800e+00 1.764616e+06
0.000000e+00 0.000000e+00 7.900000e+01 0.000000e+00 0.000000e+00 0.000000e+00 0.000000e+00 1.570800e+00 1.783172e+06
0.000000e+00 0.000000e+00 8.000000e+01 0.000000e+00 0.000000e+00 0.000000e+00 0.000000e+00 1.570800e+00 1.801761e+06
