# magnon spectrum, full formula, highest mode
# ttc P H kv ak bk an bn he3b_spec3
0.000000e+00 0.000000e+00 0.000000e+00 0.000000e+00 0.000000e+00 0.000000e+00 0.000000e+00 8.726600e-02 7.861814e+05
0.000000e+00 0.000000e+00 1.000000e+00 0.000000e+00 0.000000e+00 0.000000e+00 0.000000e+00 8.726600e-02 7.861834e+05
0.000000e+00 0.000000e+00 2.000000e+00 0.000000e+00 0.000000e+00 0.000000e+00 0.000000e+00 8.726600e-02 7.861894e+05
0.000000e+00 0.000000e+00 3.000000e+00 0.000000e+00 0.000000e+00 0.000000e+00 0.000000e+00 8.726600e-02 7.861995e+05
0.000000e+00 0.000000e+00 4.000000e+00 0.000000e+00 0.000000e+00 0.000000e+00 0.000000e+00 8.726600e-02 7.862138e+05
0.000000e+00 0.000000e+00 5.000000e+00 0.000000e+00 0.000000e+00 0.000000e+00 0.000000e+00 8.726600e-02 7.862324e+05
0.000000e+00 0.000000e+00 6.000000e+00 0.000000e+00 0.000000e+00 0.000000e+00 0.000000e+00 8.726600e-02 7.862554e+05
0.000000e+00 0.000000e+00 7.000000e+00 0.000000e+00 0.000000e+00 0.000000e+00 0.000000e+00 8.726600e-02 7.862830e+05
0.000000e+00 0.000000e+00 8.000000e+00 0.000000e+00 0.000000e+00 0.000000e+00 0.000000e+00 8.726600e-02 7.863155e+05
0.000000e+00 0.000000e+00 9.000000e+00 0.000000e+00 0.000000e+00 0.000000e+00 0.000000e+00 8.726600e-02 7.863531e+05
0.000000e+00 0.000000e+00 1.000000e+01 0.000000e+00 0.000000e+00 0.000000e+00 0.000000e+00 8.726600e-02 7.863963e+05
0.000000e+00 0.000000e+00 1.100000e+01 0.000000e+00 0.000000e+00 0.000000e+00 0.000000e+00 8.726600e-02 7.864454e+05
0.000000e+00 0.000000e+00 1.200000e+01 0.000000e+00 0.000000e+00 0.000000e+00 0.000000e+00 8.726600e-02 7.865009e+05
0.000000e+00 0.000000e+00 1.300000e+01 0.000000e+00 0.000000e+00 0.000000e+00 0.000000e+00 8.726600e-02 7.865633e+05
0.000000e+00 0.000000e+00 1.400000e+01 0.000000e+00 0.000000e+00 0.000000e+00 0.000000e+00 8.726600e-02 7.866335e+05
0.000000e+00 0.000000e+00 1.500000e+01 0.000000e+00 0.000000e+00 0.000000e+00 0.000000e+00 8.726600e-02 7.867121e+05
0.000000e+00 0.000000e+00 1.600000e+01 0.000000e+00 0.000000e+00 0.000000e+00 0.000000e+00 8.726600e-02 7.868002e+05
0.000000e+00 0.000000e+00 1.700000e+01 0.000000e+00 0.000000e+00 0.000000e+00 0.000000e+00 8.726600e-02 7.868989e+05
0.000000e+00 0.000000e+00 1.800000e+01 0.000000e+00 0.000000e+00 0.000000e+00 0.000000e+00 8.726600e-02 7.870096e+05
0.000000e+00 0.000000e+00 1.900000e+01 0.000000e+00 0.000000e+00 0.000000e+00 0.000000e+00 8.726600e-02 7.871339e+05
0.000000e+00 0.000000e+00 2.000000e+01 0.000000e+00 0.000000e+00 0.000000e+00 0.000000e+00 8.726600e-02 7.872738e+05
0.000000e+00 0.000000e+00 2.100000e+01 0.000000e+00 0.000000e+00 0.000000e+00 0.000000e+00 8.726600e-02 7.874319e+05
0.000000e+00 0.000000e+00 2.200000e+01 0.000000e+00 0.000000e+00 0.000000e+00 0.000000e+00 8.726600e-02 7.876112e+05
0.000000e+00 0.000000e+00 2.300000e+01 0.000000e+00 0.000000e+00 0.000000e+00 0.000000e+00 8.726600e-02 7.878155e+05
0.000000e+00 0.000000e+00 2.400000e+01 0.000000e+00 0.000000e+00 0.000000e+00 0.000000e+00 8.726600e-02 7.880497e+05
0.000000e+00 0.000000e+00 2.500000e+01 0.000000e+00 0.000000e+00 0.000000e+00 0.000000e+00 8.726600e-02 7.883198e+05
0.000000e+00 0.000000e+00 2.600000e+01 0.000000e+00 0.000000e+00 0.000000e+00 0.000000e+00 8.726600e-02 7.886340e+05
0.000000e+00 0.000000e+00 2.700000e+01 0.000000e+00 0.000000e+00 0.000000e+00 0.000000e+00 8.726600e-02 7.890029e+05
0.000000e+00 0.000000e+00 2.800000e+01 0.000000e+00 0.000000e+00 0.000000e+00 0.000000e+00 8.726600e-02 7.894406e+05
0.000000e+00 0.000000e+00 2.900000e+01 0.000000e+00 0.000000e+00 0.000000e+00 0.000000e+00 8.726600e-02 7.899669e+05
0.000000e+00 0.000000e+00 3.000000e+01 0.000000e+00 0.000000e+00 0.000000e+00 0.000000e+00 8.726600e-02 7.906092e+05
0.000000e+00 0.000000e+00 3.100000e+01 0.000000e+00 0.000000e+00 0.000000e+00 0.000000e+00 8.726600e-02 7.914074e+05
0.000000e+00 0.000000e+00 3.200000e+01 0.000000e+00 0.000000e+00 0.000000e+00 0.000000e+00 8.726600e-02 7.924206e+05
0.000000e+00 0.000000e+00 3.300000e+01 0.000000e+00 0.000000e+00 0.000000e+00 0.000000e+00 8.726600e-02 7.937395e+05
0.000000e+00 0.000000e+00 3.400000e+01 0.000000e+00 0.000000e+00 0.000000e+00 0.000000e+00 8.726600e-02 7.955075e+05
0.000000e+00 0.000000e+00 3.500000e+01 0.000000e+00 0.000000e+00 0.000000e+00 0.000000e+00 8.726600e-02 7.979564e+05
0.000000e+00 0.000000e+00 3.600000e+01 0.000000e+00 0.000000e+00 0.000000e+00 0.000000e+00 8.726600e-02 8.014610e+05
0.000000e+00 0.000000e+00 3.700000e+01 0.000000e+00 0.000000e+00 0.000000e+00 0.000000e+00 8.726600e-02 8.065930e+05
0.000000e+00 0.000000e+00 3.800000e+01 0.000000e+00 0.000000e+00 0.000000e+00 0.000000e+00 8.726600e-02 8.140731e+05
0.000000e+00 0.000000e+00 3.900000e+01 0.000000e+00 0.000000e+00 0.000000e+00 0.000000e+00 8.726600e-02 8.244528e+05
0.000000e+00 0.000000e+00 4.000000e+01 0.000000e+00 0.000000e+00 0.000000e+00 0.000000e+00 8.726600e-02 8.376861e+05
0.000000e+00 0.000000e+00 4.100000e+01 0.000000e+00 0.000000e+00 0.000000e+00 0.000000e+00 8.726600e-02 8.531707e+05
0.000000e+00 0.000000e+00 4.200000e+01 0.000000e+00 0.000000e+00 0.000000e+00 0.000000e+00 8.726600e-02 8.701943e+05
0.000000e+00 0.000000e+00 4.300000e+01 0.000000e+00 0.000000e+00 0.000000e+00 0.000000e+00 8.726600e-02 8.882128e+05
0.000000e+00 0.000000e+00 4.400000e+01 0.000000e+00 0.000000e+00 0.000000e+00 0.000000e+00 8.726600e-02 9.068742e+05
0.000000e+00 0.000000e+00 4.500000e+01 0.000000e+00 0.000000e+00 0.000000e+00 0.000000e+00 8.726600e-02 9.259611e+05
0.000000e+00 0.000000e+00 4.600000e+01 0.000000e+00 0.000000e+00 0.000000e+00 0.000000e+00 8.726600e-02 9.453391e+05
0.000000e+00 0.000000e+00 4.700000e+01 0.000000e+00 0.000000e+00 0.000000e+00 0.000000e+00 8.726600e-02 9.649226e+05
0.000000e+00 0.000000e+00 4.800000e+01 0.000000e+00 0.000000e+00 0.000000e+00 0.000000e+00 8.726600e-02 9.846555e+05
0.000000e+00 0.000000e+00 4.900000e+01 0.000000e+00 0.000000e+00 0.000000e+00 0.000000e+00 8.726600e-02 1.004500e+06
0.000000e+00 0.000000e+00 5.000000e+01 0.000000e+00 0.000000e+00 0.000000e+00 0.000000e+00 8.726600e-02 1.024430e+06
0.000000e+00 0.000000e+00 5.100000e+01 0.000000e+00 0.000000e+00 0.000000e+00 0.000000e+00 8.726600e-02 1.044426e+06
0.000000e+00 0.000000e+00 5.200000e+01 0.000000e+00 0.000000e+00 0.000000e+00 0.000000e+00 8.726600e-02 1.064475e+06
0.000000e+00 0.000000e+00 5.300000e+01 0.000000e+00 0.000000e+00 0.000000e+00 0.000000e+00 8.726600e-02 1.084566e+06
0.000000e+00 0.000000e+00 5.400000e+01 0.000000e+00 0.000000e+00 0.000000e+00 0.000000e+00 8.726600e-02 1.104693e+06
0.000000e+00 0.000000e+00 5.500000e+01 0.000000e+00 0.000000e+00 0.000000e+00 0.000000e+00 8.726600e-02 1.124848e+06
0.000000e+00 0.000000e+00 5.600000e+01 0.000000e+00 0.000000e+00 0.000000e+00 0.000000e+00 8.726600e-02 1.145027e+06
0.000000e+00 0.000000e+00 5.700000e+01 0.000000e+00 0.000000e+00 0.000000e+00 0.000000e+00 8.726600e-02 1.165227e+06
0.000000e+00 0.000000e+00 5.800000e+01 0.000000e+00 0.000000e+00 0.000000e+00 0.000000e+00 8.726600e-02 1.185443e+06
0.000000e+00 0.000000e+00 5.900000e+01 0.000000e+00 0.000000e+00 0.000000e+00 0.000000e+00 8.726600e-02 1.205675e+06
0.000000e+00 0.000000e+00 6.000000e+01 0.000000e+00 0.000000e+00 0.000000e+00 0.000000e+00 8.726600e-02 1.225920e+06
0.000000e+00 0.000000e+00 6.100000e+01 0.000000e+00 0.000000e+00 0.000000e+00 0.000000e+00 8.726600e-02 1.246175e+06
0.000000e+00 0.000000e+00 6.200000e+01 0.000000e+00 0.000000e+00 0.000000e+00 0.000000e+00 8.726600e-02 1.266441e+06
0.000000e+00 0.000000e+00 6.300000e+01 0.000000e+00 0.000000e+00 0.000000e+00 0.000000e+00 8.726600e-02 1.286715e+06
0.000000e+00 0.000000e+00 6.400000e+01 0.000000e+00 0.000000e+00 0.000000e+00 0.000000e+00 8.726600e-02 1.306997e+06
0.000000e+00 0.000000e+00 6.500000e+01 0.000000e+00 0.000000e+00 0.000000e+00 0.000000e+00 8.726600e-02 1.327286e+06
0.000000e+00 0.000000e+00 6.600000e+01 0.000000e+00 0.000000e+00 0.000000e+00 0.000000e+00 8.726600e-02 1.347581e+06
0.000000e+00 0.000000e+00 6.700000e+01 0.000000e+00 0.000000e+00 0.000000e+00 0.000000e+00 8.726600e-02 1.367881e+06
0.000000e+00 0.000000e+00 6.800000e+01 0.000000e+00 0.000000e+00 0.000000e+00 0.000000e+00 8.726600e-02 1.388187e+06
0.000000e+00 0.000000e+00 6.900000e+01 0.000000e+00 0.000000e+00 0.000000e+00 0.000000e+00 8.726600e-02 1.408497e+06
0.000000e+00 0.000000e+00 7.000000e+01 0.000000e+00 0.000000e+00 0.000000e+00 0.000000e+00 8.726600e-02 1.428811e+06
0.000000e+00 0.000000e+00 7.100000e+01 0.000000e+00 0.000000e+00 0.000000e+00 0.000000e+00 8.726600e-02 1.449128e+06
0.000000e+00 0.000000e+00 7.200000e+01 0.000000e+00 0.000000e+00 0.000000e+00 0.000000e+00 8.726600e-02 1.469449e+06
0.000000e+00 0.000000e+00 7.300000e+01 0.000000e+00 0.000000e+00 0.000000e+00 0.000000e+00 8.726600e-02 1.489773e+06
0.000000e+00 0.000000e+00 7.400000e+01 0.000000e+00 0.000000e+00 0.000000e+00 0.000000e+00 8.726600e-02 1.510100e+06
0.000000e+00 0.000000e+00 7.500000e+01 0.000000e+00 0.000000e+00 0.000000e+00 0.000000e+00 8.726600e-02 1.530430e+06
0.000000e+00 0.000000e+00 7.600000e+01 0.000000e+00 0.000000e+00 0.000000e+00 0.000000e+00 8.726600e-02 1.550761e+06
0.000000e+00 0.000000e+00 7.700000e+01 0.000000e+00 0.000000e+00 0.000000e+00 0.000000e+00 8.726600e-02 1.571096e+06
0.000000e+00 0.000000e+00 7.800000e+01 0.000000e+00 0.000000e+00 0.000000e+00 0.000000e+00 8.726600e-02 1.591432e+06
0.000000e+00 0.000000e+00 7.900000e+01 0.000000e+00 0.000000e+00 0.000000e+00 0.000000e+00 8.726600e-02 1.611770e+06
0.000000e+00 0.000000e+00 8.000000e+01 0.000000e+00 0.000000e+00 0.000000e+00 0.000000e+00 8.726600e-02 1.632110e+06
