# T, mK  visc*t**2
2.13981 0.977281
2.1399 0.972768
2.14016 0.973896
2.14038 0.980665
2.1407 0.986305
2.14087 0.994202
2.14111 0.997586
2.14122 1.00435
2.14142 1.00323
2.14162 1.00999
2.14174 1.01451
2.14194 1.02015
2.14229 1.0303
2.14246 1.03707
2.14295 1.04835
2.14309 1.06076
2.14321 1.06753
2.1435 1.06414
2.14358 1.07091
2.1437 1.07542
2.14379 1.07655
2.14381 1.08219
2.14393 1.08445
2.14396 1.08783
2.14422 1.09798
2.14442 1.10475
2.14433 1.10926
2.14442 1.11942
2.14462 1.11829
2.14477 1.11152
2.1448 1.1228
2.14491 1.13183
2.14508 1.13295
2.14517 1.13634
2.14528 1.13972
2.1454 1.151
2.14534 1.15439
2.14557 1.16003
2.14569 1.16905
2.1456 1.1792
2.14578 1.18484
2.14581 1.19387
2.14598 1.18823
2.14604 1.18259
2.14609 1.19274
2.14615 1.20064
2.1461 1.21079
2.14624 1.21417
2.14653 1.23786
2.14662 1.24238
2.1467 1.24463
2.14664 1.25478
2.14644 1.25591
2.14676 1.26043
2.14656 1.27171
2.14685 1.27847
2.14694 1.29201
2.14705 1.32924
2.14722 1.35857
2.14735 1.35744
2.14752 1.36421
2.14769 1.36195
2.14778 1.36308
2.14804 1.36195
2.14832 1.36646
2.1484 1.36872
2.14862 1.36646
2.14875 1.36759
2.14887 1.36985
2.14905 1.36872
2.1493 1.37098
2.14952 1.37323
2.14965 1.37662
2.14984 1.37662
2.15008 1.37774
2.15033 1.38
2.15057 1.38226
2.15079 1.38338
2.15096 1.38338
2.15113 1.38113
2.15134 1.38113
2.15152 1.38113
2.15167 1.38
2.15192 1.37887
2.15212 1.37774
2.15244 1.37887
2.15263 1.37662
2.15278 1.37887
2.15302 1.37887
2.15321 1.37887
2.15336 1.37887
2.15356 1.37774
