0.996558 0.708174386921
0.996598 0.704904632153
0.996719 0.705722070845
0.996826 0.710626702997
0.996974 0.714713896458
0.997054 0.720435967302
0.997162 0.722888283379
0.997215 0.727792915531
0.997309 0.726975476839
0.997403 0.731880108992
0.997457 0.73514986376
0.997551 0.739237057221
0.997712 0.74659400545
0.997792 0.751498637602
0.99802 0.759673024523
0.998088 0.768664850136
0.998142 0.773569482289
0.998275 0.771117166213
0.998316 0.776021798365
0.99837 0.779291553134
0.99841 0.780108991826
0.998423 0.784196185286
0.998477 0.78583106267
0.998491 0.788283378747
0.998611 0.795640326975
0.998705 0.800544959128
0.998665 0.803814713896
0.998706 0.811171662125
0.9988 0.810354223433
0.998866 0.805449591281
0.99888 0.813623978202
0.998934 0.820163487738
0.999014 0.820980926431
0.999055 0.823433242507
0.999108 0.825885558583
0.999162 0.834059945504
0.999136 0.83651226158
0.999243 0.840599455041
0.999297 0.847138964578
0.999257 0.854495912807
0.999337 0.858583106267
0.999351 0.865122615804
0.999431 0.861035422343
0.999458 0.856948228883
0.999485 0.864305177112
0.999512 0.870027247956
0.999486 0.877384196185
0.999553 0.879836512262
0.999687 0.897002724796
0.999728 0.900272479564
0.999768 0.901907356948
0.999741 0.909264305177
0.999648 0.910081743869
0.999795 0.913351498638
0.999702 0.921525885559
0.999836 0.926430517711
0.999877 0.936239782016
0.999931 0.963215258856
1.00001 0.98446866485
1.00007 0.983651226158
1.00015 0.988555858311
1.00023 0.986920980926
1.00027 0.987738419619
1.00039 0.986920980926
1.00052 0.990190735695
1.00056 0.991825613079
1.00066 0.990190735695
1.00072 0.991008174387
1.00078 0.992643051771
1.00086 0.991825613079
1.00098 0.993460490463
1.00108 0.995095367847
1.00114 0.997547683924
1.00123 0.997547683924
1.00134 0.998365122616
1.00146 1
1.00157 1.00163487738
1.00167 1.00245231608
1.00175 1.00245231608
1.00183 1.00081743869
1.00193 1.00081743869
1.00201 1.00081743869
1.00208 1
1.0022 0.999182561308
1.00229 0.998365122616
1.00244 0.999182561308
1.00253 0.997547683924
1.0026 0.999182561308
1.00271 0.999182561308
1.0028 0.999182561308
1.00287 0.999182561308
1.00296 0.998365122616
