0.272034 1.27962104174
0.298959 1.68511036363
0.325852 2.06528272595
0.341281 2.33134964075
0.367984 2.55962024561
0.387139 2.78777143085
0.409987 2.95268992695
0.432805 3.09229146349
0.459348 3.19397727047
0.489632 3.27040582768
0.519901 3.3341759051
0.546349 3.35991083335
0.580312 3.36044822164
0.614243 3.33566865036
0.648158 3.29823059929
0.678331 3.28604979798
0.697168 3.26103138746
0.712246 3.24861174691
0.727309 3.22353362657
0.753677 3.18597615588
0.787592 3.14853810481
0.821476 3.08578309416
0.855407 3.06100352288
0.89308 3.01096670183
