0.302055 1.51680672269
0.332781 2.05882352941
0.3559 2.52521008403
0.382475 2.75210084034
0.405231 2.92857142857
0.428003 3.11764705882
0.454436 3.23109243697
0.477082 3.31932773109
0.503499 3.42016806723
0.533546 3.42016806723
0.563593 3.42016806723
0.597396 3.42016806723
0.62364 3.38235294118
0.62364 3.38235294118
0.62364 3.38235294118
0.657395 3.34453781513
0.687379 3.29411764706
0.721087 3.21848739496
0.751055 3.15546218487
0.781039 3.10504201681
0.811023 3.05462184874
0.848503 2.99159663866
0.874731 2.94117647059
0.912211 2.8781512605
0.94969 2.81512605042
0.97969 2.77731092437
