0.275228 1.10084033613
0.290819 1.55462184874
0.317836 2.13445378151
0.34427 2.24789915966
0.359609 2.5
0.386105 2.66386554622
0.408861 2.84033613445
0.427893 3.04201680672
0.458066 3.14285714286
0.484468 3.23109243697
0.514578 3.28151260504
0.54464 3.29411764706
0.578443 3.29411764706
0.604734 3.29411764706
0.63101 3.28151260504
0.661057 3.28151260504
0.687316 3.25630252101
0.702324 3.24369747899
0.7173 3.20588235294
0.739804 3.18067226891
0.773559 3.14285714286
0.803574 3.11764705882
0.826078 3.09243697479
