0.290534 1.3136995759
0.309896 1.7797810435
0.33666 2.15751060262
0.363393 2.51003057501
0.389967 2.73650261367
0.408936 2.88746424697
0.431707 3.07618108295
0.450612 3.17672354276
0.480769 3.26448367689
0.499611 3.31460696321
0.533461 3.35188874642
0.56357 3.40183450044
0.593569 3.36354670086
0.623584 3.33786369464
0.653599 3.31218068843
0.683614 3.28649768222
0.709825 3.22305947332
0.732313 3.1848900286
0.769808 3.13387908078
0.792295 3.09570963606
0.818523 3.04487622053
0.85982 3.03162047539
0.893496 2.93024953151
0.927251 2.89190255449
0.972258 2.8407732518
