0.34599530717  99.7455470738
0.352349820149  86.5139949109
0.360512125208  76.844783715
0.368674430267  67.1755725191
0.378812924475  56.7430025445
0.390858267863  47.3282442748
0.4047807433  39.6946564885
0.424611974765  30.2798982188
0.456102226927  21.3740458015
0.497235687797  14.7582697201
0.542182847025  10.1781170483
0.602652253859  6.87022900763
0.668891736781  5.34351145038
0.760435355955  3.81679389313
0.830538065786  3.0534351145
0.877263299963  2.7989821883
0.931764516508  2.7989821883
0.972630523207  3.0534351145
0.986216204503  4.07124681934
0.995899036051  5.34351145038
0.999762262959  6.10687022901
