0.394657107656  99.7455470738
0.400912563536  89.058524173
0.409104585725  78.6259541985
0.425132024541  66.9211195929
0.441100029098  56.7430025445
0.468865734292  43.5114503817
0.498409514434  34.6055979644
0.525897859748  28.4987277354
0.543564693573  24.6819338422
0.567051132037  21.3740458015
0.600279836308  17.8117048346
0.623706840512  16.0305343511
0.66859456548  12.9770992366
0.692001758264  11.7048346056
0.734883576952  10.1781170483
0.797230115835  8.65139949109
0.853727332949  7.37913486005
0.892666679049  7.12468193384
0.927713081109  6.87022900763
0.96273967175  7.12468193384
0.984071618283  9.16030534351
0.99564148759  11.9592875318
1.00137194084  14.7582697201
