# Kapitza resistance, Rk*T^3 [cm^2 K^4 / W] vs T [K]

# He3, data from ref.6
0.0650354197244  189.333118037
0.070429046542  194.028213523
0.0787398195623  189.183166914
0.0894452729681  203.70332009
0.0908819770432  214.058646546
0.104896528811  208.68586415
0.113595984173  198.511795027
0.101606238125  191.343860675
0.141986871766  179.580090718
0.169189063486  168.650870625
0.171906642726  162.475321906
0.195279042664  152.617322802
0.20160271754  148.855474162
0.214871032759  148.816166123
0.236428651477  136.37733982
0.272887382716  109.005673476
0.352135178155  86.013066646
0.357791307636  79.8345246607
0.381339045038  76.8959626987
0.393687856797  70.4872131268
0.433185841248  61.4665872338
0.461695607187  56.3363301799
0.499985723851  52.9286725331
0.567963703735  43.9136029607
0.595774210123  41.2628165506
0.666076797972  36.4292131368
0.806433895702  29.8436766267
1.02417544285  25.6881115633
1.43120609477  21.8297694163
1.60009137127  20.7627599776
