# T_c [mK] vs P [bar] (Greywall86)
# P he3_tc
0.000000e+00 9.293837e-01
1.807263e+00 1.158821e+00
3.614526e+00 1.351260e+00
5.421789e+00 1.513752e+00
7.229053e+00 1.652129e+00
9.036316e+00 1.771123e+00
1.084358e+01 1.874494e+00
1.265084e+01 1.965147e+00
1.445811e+01 2.045257e+00
1.626537e+01 2.116393e+00
1.807263e+01 2.179640e+00
1.987989e+01 2.235719e+00
2.168716e+01 2.285112e+00
2.349442e+01 2.328187e+00
2.530168e+01 2.365314e+00
2.710895e+01 2.396996e+00
2.891621e+01 2.423983e+00
3.072347e+01 2.447402e+00
3.253074e+01 2.468876e+00
3.433800e+01 2.490645e+00
