# T_c  [mK] in PLTS2000 scale vs pressure [bar]
# P he3_tc_plts
0.000000e+00 9.022801e-01
1.807263e+00 1.129239e+00
3.614526e+00 1.320126e+00
5.421789e+00 1.481447e+00
7.229053e+00 1.618783e+00
9.036316e+00 1.736761e+00
1.084358e+01 1.839099e+00
1.265084e+01 1.928693e+00
1.445811e+01 2.007723e+00
1.626537e+01 2.077767e+00
1.807263e+01 2.139926e+00
1.987989e+01 2.194940e+00
2.168716e+01 2.243311e+00
2.349442e+01 2.285426e+00
2.530168e+01 2.321673e+00
2.710895e+01 2.352562e+00
2.891621e+01 2.378843e+00
3.072347e+01 2.401624e+00
3.253074e+01 2.422491e+00
3.433800e+01 2.443621e+00
