# T_c [mK] vs P [bar] (Greywall86)
# P he3_tc
1.000000e-01 9.431819e-01
2.000000e-01 9.568430e-01
3.000000e-01 9.703685e-01
4.000000e-01 9.837600e-01
5.000000e-01 9.970189e-01
6.000000e-01 1.010147e+00
7.000000e-01 1.023145e+00
8.000000e-01 1.036015e+00
9.000000e-01 1.048758e+00
1.000000e+00 1.061377e+00
1.100000e+00 1.073871e+00
1.200000e+00 1.086243e+00
1.300000e+00 1.098493e+00
1.400000e+00 1.110624e+00
1.500000e+00 1.122637e+00
1.600000e+00 1.134533e+00
1.700000e+00 1.146312e+00
1.800000e+00 1.157978e+00
1.900000e+00 1.169531e+00
2.000000e+00 1.180972e+00
2.100000e+00 1.192302e+00
2.200000e+00 1.203523e+00
2.300000e+00 1.214637e+00
2.400000e+00 1.225643e+00
2.500000e+00 1.236544e+00
2.600000e+00 1.247341e+00
2.700000e+00 1.258036e+00
2.800000e+00 1.268628e+00
2.900000e+00 1.279119e+00
3.000000e+00 1.289512e+00
3.100000e+00 1.299806e+00
3.200000e+00 1.310002e+00
3.300000e+00 1.320103e+00
3.400000e+00 1.330109e+00
3.500000e+00 1.340021e+00
3.600000e+00 1.349841e+00
3.700000e+00 1.359569e+00
3.800000e+00 1.369207e+00
3.900000e+00 1.378755e+00
4.000000e+00 1.388215e+00
4.100000e+00 1.397588e+00
4.200000e+00 1.406874e+00
4.300000e+00 1.416075e+00
4.400000e+00 1.425192e+00
4.500000e+00 1.434226e+00
4.600000e+00 1.443178e+00
4.700000e+00 1.452048e+00
4.800000e+00 1.460838e+00
4.900000e+00 1.469549e+00
5.000000e+00 1.478182e+00
5.100000e+00 1.486737e+00
5.200000e+00 1.495216e+00
5.300000e+00 1.503619e+00
5.400000e+00 1.511947e+00
5.500000e+00 1.520202e+00
5.600000e+00 1.528384e+00
5.700000e+00 1.536494e+00
5.800000e+00 1.544532e+00
5.900000e+00 1.552501e+00
6.000000e+00 1.560400e+00
6.100000e+00 1.568230e+00
6.200000e+00 1.575993e+00
6.300000e+00 1.583689e+00
6.400000e+00 1.591319e+00
6.500000e+00 1.598883e+00
6.600000e+00 1.606383e+00
6.700000e+00 1.613819e+00
6.800000e+00 1.621192e+00
6.900000e+00 1.628503e+00
7.000000e+00 1.635752e+00
7.100000e+00 1.642940e+00
7.200000e+00 1.650069e+00
7.300000e+00 1.657138e+00
7.400000e+00 1.664149e+00
7.500000e+00 1.671102e+00
7.600000e+00 1.677997e+00
7.700000e+00 1.684836e+00
7.800000e+00 1.691619e+00
7.900000e+00 1.698347e+00
8.000000e+00 1.705021e+00
8.100000e+00 1.711641e+00
8.200000e+00 1.718207e+00
8.300000e+00 1.724721e+00
8.400000e+00 1.731183e+00
8.500000e+00 1.737593e+00
8.600000e+00 1.743953e+00
8.700000e+00 1.750263e+00
8.800000e+00 1.756523e+00
8.900000e+00 1.762734e+00
9.000000e+00 1.768897e+00
9.100000e+00 1.775012e+00
9.200000e+00 1.781080e+00
9.300000e+00 1.787101e+00
9.400000e+00 1.793076e+00
9.500000e+00 1.799005e+00
9.600000e+00 1.804889e+00
9.700000e+00 1.810729e+00
9.800000e+00 1.816524e+00
9.900000e+00 1.822276e+00
1.000000e+01 1.827985e+00
1.010000e+01 1.833651e+00
1.020000e+01 1.839275e+00
1.030000e+01 1.844858e+00
1.040000e+01 1.850399e+00
1.050000e+01 1.855899e+00
1.060000e+01 1.861360e+00
1.070000e+01 1.866780e+00
1.080000e+01 1.872161e+00
1.090000e+01 1.877504e+00
1.100000e+01 1.882807e+00
1.110000e+01 1.888073e+00
1.120000e+01 1.893301e+00
1.130000e+01 1.898491e+00
1.140000e+01 1.903645e+00
1.150000e+01 1.908762e+00
1.160000e+01 1.913844e+00
1.170000e+01 1.918889e+00
1.180000e+01 1.923899e+00
1.190000e+01 1.928874e+00
1.200000e+01 1.933815e+00
1.210000e+01 1.938721e+00
1.220000e+01 1.943593e+00
1.230000e+01 1.948432e+00
1.240000e+01 1.953237e+00
1.250000e+01 1.958010e+00
1.260000e+01 1.962749e+00
1.270000e+01 1.967457e+00
1.280000e+01 1.972133e+00
1.290000e+01 1.976777e+00
1.300000e+01 1.981389e+00
1.310000e+01 1.985971e+00
1.320000e+01 1.990521e+00
1.330000e+01 1.995042e+00
1.340000e+01 1.999532e+00
1.350000e+01 2.003992e+00
1.360000e+01 2.008422e+00
1.370000e+01 2.012823e+00
1.380000e+01 2.017195e+00
1.390000e+01 2.021538e+00
1.400000e+01 2.025852e+00
1.410000e+01 2.030138e+00
1.420000e+01 2.034396e+00
1.430000e+01 2.038626e+00
1.440000e+01 2.042828e+00
1.450000e+01 2.047003e+00
1.460000e+01 2.051150e+00
1.470000e+01 2.055270e+00
1.480000e+01 2.059364e+00
1.490000e+01 2.063431e+00
1.500000e+01 2.067471e+00
1.510000e+01 2.071485e+00
1.520000e+01 2.075474e+00
1.530000e+01 2.079436e+00
1.540000e+01 2.083373e+00
1.550000e+01 2.087284e+00
1.560000e+01 2.091170e+00
1.570000e+01 2.095030e+00
1.580000e+01 2.098866e+00
1.590000e+01 2.102677e+00
1.600000e+01 2.106464e+00
1.610000e+01 2.110226e+00
1.620000e+01 2.113963e+00
1.630000e+01 2.117677e+00
1.640000e+01 2.121366e+00
1.650000e+01 2.125032e+00
1.660000e+01 2.128674e+00
1.670000e+01 2.132292e+00
1.680000e+01 2.135887e+00
1.690000e+01 2.139458e+00
1.700000e+01 2.143006e+00
1.710000e+01 2.146532e+00
1.720000e+01 2.150034e+00
1.730000e+01 2.153513e+00
1.740000e+01 2.156970e+00
1.750000e+01 2.160404e+00
1.760000e+01 2.163816e+00
1.770000e+01 2.167205e+00
1.780000e+01 2.170572e+00
1.790000e+01 2.173917e+00
1.800000e+01 2.177240e+00
1.810000e+01 2.180541e+00
1.820000e+01 2.183820e+00
1.830000e+01 2.187077e+00
1.840000e+01 2.190313e+00
1.850000e+01 2.193527e+00
1.860000e+01 2.196720e+00
1.870000e+01 2.199891e+00
1.880000e+01 2.203041e+00
1.890000e+01 2.206169e+00
1.900000e+01 2.209277e+00
1.910000e+01 2.212363e+00
1.920000e+01 2.215428e+00
1.930000e+01 2.218473e+00
1.940000e+01 2.221496e+00
1.950000e+01 2.224499e+00
1.960000e+01 2.227481e+00
1.970000e+01 2.230443e+00
1.980000e+01 2.233384e+00
1.990000e+01 2.236304e+00
2.000000e+01 2.239204e+00
2.010000e+01 2.242084e+00
2.020000e+01 2.244943e+00
2.030000e+01 2.247782e+00
2.040000e+01 2.250601e+00
2.050000e+01 2.253400e+00
2.060000e+01 2.256179e+00
2.070000e+01 2.258938e+00
2.080000e+01 2.261677e+00
2.090000e+01 2.264396e+00
2.100000e+01 2.267095e+00
2.110000e+01 2.269774e+00
2.120000e+01 2.272434e+00
2.130000e+01 2.275074e+00
2.140000e+01 2.277695e+00
2.150000e+01 2.280296e+00
2.160000e+01 2.282878e+00
2.170000e+01 2.285440e+00
2.180000e+01 2.287983e+00
2.190000e+01 2.290507e+00
2.200000e+01 2.293011e+00
2.210000e+01 2.295496e+00
2.220000e+01 2.297962e+00
2.230000e+01 2.300410e+00
2.240000e+01 2.302838e+00
2.250000e+01 2.305247e+00
2.260000e+01 2.307637e+00
2.270000e+01 2.310008e+00
2.280000e+01 2.312361e+00
2.290000e+01 2.314695e+00
2.300000e+01 2.317011e+00
2.310000e+01 2.319307e+00
2.320000e+01 2.321586e+00
2.330000e+01 2.323846e+00
2.340000e+01 2.326087e+00
2.350000e+01 2.328310e+00
2.360000e+01 2.330515e+00
2.370000e+01 2.332702e+00
2.380000e+01 2.334871e+00
2.390000e+01 2.337021e+00
2.400000e+01 2.339154e+00
2.410000e+01 2.341269e+00
2.420000e+01 2.343366e+00
2.430000e+01 2.345445e+00
2.440000e+01 2.347507e+00
2.450000e+01 2.349551e+00
2.460000e+01 2.351578e+00
2.470000e+01 2.353587e+00
2.480000e+01 2.355579e+00
2.490000e+01 2.357554e+00
2.500000e+01 2.359511e+00
2.510000e+01 2.361452e+00
2.520000e+01 2.363376e+00
2.530000e+01 2.365282e+00
2.540000e+01 2.367173e+00
2.550000e+01 2.369046e+00
2.560000e+01 2.370903e+00
2.570000e+01 2.372743e+00
2.580000e+01 2.374567e+00
2.590000e+01 2.376375e+00
2.600000e+01 2.378167e+00
2.610000e+01 2.379943e+00
2.620000e+01 2.381703e+00
2.630000e+01 2.383447e+00
2.640000e+01 2.385176e+00
2.650000e+01 2.386889e+00
2.660000e+01 2.388587e+00
2.670000e+01 2.390270e+00
2.680000e+01 2.391938e+00
2.690000e+01 2.393590e+00
2.700000e+01 2.395228e+00
2.710000e+01 2.396851e+00
2.720000e+01 2.398460e+00
2.730000e+01 2.400055e+00
2.740000e+01 2.401635e+00
2.750000e+01 2.403201e+00
2.760000e+01 2.404754e+00
2.770000e+01 2.406292e+00
2.780000e+01 2.407818e+00
2.790000e+01 2.409330e+00
2.800000e+01 2.410829e+00
2.810000e+01 2.412314e+00
2.820000e+01 2.413788e+00
2.830000e+01 2.415248e+00
2.840000e+01 2.416696e+00
2.850000e+01 2.418132e+00
2.860000e+01 2.419556e+00
2.870000e+01 2.420969e+00
2.880000e+01 2.422370e+00
2.890000e+01 2.423759e+00
2.900000e+01 2.425137e+00
2.910000e+01 2.426505e+00
2.920000e+01 2.427862e+00
2.930000e+01 2.429208e+00
2.940000e+01 2.430545e+00
2.950000e+01 2.431871e+00
2.960000e+01 2.433188e+00
2.970000e+01 2.434496e+00
2.980000e+01 2.435794e+00
2.990000e+01 2.437083e+00
3.000000e+01 2.438364e+00
3.010000e+01 2.439637e+00
3.020000e+01 2.440901e+00
3.030000e+01 2.442158e+00
3.040000e+01 2.443408e+00
3.050000e+01 2.444650e+00
3.060000e+01 2.445886e+00
3.070000e+01 2.447115e+00
3.080000e+01 2.448337e+00
3.090000e+01 2.449554e+00
3.100000e+01 2.450766e+00
3.110000e+01 2.451972e+00
3.120000e+01 2.453173e+00
3.130000e+01 2.454370e+00
3.140000e+01 2.455563e+00
3.150000e+01 2.456752e+00
3.160000e+01 2.457937e+00
3.170000e+01 2.459120e+00
3.180000e+01 2.460299e+00
3.190000e+01 2.461477e+00
3.200000e+01 2.462652e+00
3.210000e+01 2.463826e+00
3.220000e+01 2.464999e+00
3.230000e+01 2.466171e+00
3.240000e+01 2.467343e+00
3.250000e+01 2.468515e+00
3.260000e+01 2.469688e+00
3.270000e+01 2.470862e+00
3.280000e+01 2.472037e+00
3.290000e+01 2.473214e+00
3.300000e+01 2.474393e+00
3.310000e+01 2.475576e+00
3.320000e+01 2.476761e+00
3.330000e+01 2.477951e+00
3.340000e+01 2.479144e+00
3.350000e+01 2.480343e+00
3.360000e+01 2.481547e+00
3.370000e+01 2.482756e+00
3.380000e+01 2.483972e+00
3.390000e+01 2.485195e+00
3.400000e+01 2.486425e+00
3.410000e+01 2.487663e+00
3.420000e+01 2.488910e+00
3.430000e+01 2.490165e+00
3.440000e+01 nan
