# Leggett's spin wave velocity c_par
# ttc p he3_clpar
0.000000e+00 0.000000e+00 1.802284e+03
0.000000e+00 1.789474e+00 1.678759e+03
0.000000e+00 3.578947e+00 1.582173e+03
0.000000e+00 5.368421e+00 1.504026e+03
0.000000e+00 7.157895e+00 1.438570e+03
0.000000e+00 8.947368e+00 1.381965e+03
0.000000e+00 1.073684e+01 1.331686e+03
0.000000e+00 1.252632e+01 1.286121e+03
0.000000e+00 1.431579e+01 1.244270e+03
0.000000e+00 1.610526e+01 1.205529e+03
0.000000e+00 1.789474e+01 1.169534e+03
0.000000e+00 1.968421e+01 1.136047e+03
0.000000e+00 2.147368e+01 1.104875e+03
0.000000e+00 2.326316e+01 1.075829e+03
0.000000e+00 2.505263e+01 1.048694e+03
0.000000e+00 2.684211e+01 1.023230e+03
0.000000e+00 2.863158e+01 9.991856e+02
0.000000e+00 3.042105e+01 9.763252e+02
0.000000e+00 3.221053e+01 9.544696e+02
0.000000e+00 3.400000e+01 9.335439e+02
