# heat capacity, Cv vs T,Vm
# T V he3_cv_n
1.600000e-01 2.889000e+01 2.973834e-01
1.700000e-01 2.889000e+01 3.019043e-01
1.800000e-01 2.889000e+01 3.057425e-01
1.900000e-01 2.889000e+01 3.090149e-01
2.000000e-01 2.889000e+01 3.118167e-01
2.100000e-01 2.889000e+01 3.142253e-01
2.200000e-01 2.889000e+01 3.163039e-01
2.300000e-01 2.889000e+01 3.181046e-01
2.400000e-01 2.889000e+01 3.196705e-01
2.500000e-01 2.889000e+01 3.210376e-01
2.600000e-01 2.889000e+01 3.222360e-01
2.700000e-01 2.889000e+01 3.232917e-01
2.800000e-01 2.889000e+01 3.242266e-01
2.900000e-01 2.889000e+01 3.250601e-01
3.000000e-01 2.889000e+01 3.258090e-01
3.100000e-01 2.889000e+01 3.264883e-01
3.200000e-01 2.889000e+01 3.271113e-01
3.300000e-01 2.889000e+01 3.276901e-01
3.400000e-01 2.889000e+01 3.282354e-01
3.500000e-01 2.889000e+01 3.287570e-01
3.600000e-01 2.889000e+01 3.292635e-01
3.700000e-01 2.889000e+01 3.297627e-01
3.800000e-01 2.889000e+01 3.302617e-01
3.900000e-01 2.889000e+01 3.307666e-01
4.000000e-01 2.889000e+01 3.312827e-01
4.100000e-01 2.889000e+01 3.318145e-01
4.200000e-01 2.889000e+01 3.323660e-01
4.300000e-01 2.889000e+01 3.329403e-01
4.400000e-01 2.889000e+01 3.335400e-01
4.500000e-01 2.889000e+01 3.341670e-01
4.600000e-01 2.889000e+01 3.348226e-01
4.700000e-01 2.889000e+01 3.355077e-01
4.800000e-01 2.889000e+01 3.362228e-01
4.900000e-01 2.889000e+01 3.369678e-01
5.000000e-01 2.889000e+01 3.377423e-01
5.100000e-01 2.889000e+01 3.385457e-01
5.200000e-01 2.889000e+01 3.393770e-01
5.300000e-01 2.889000e+01 3.402350e-01
5.400000e-01 2.889000e+01 3.411185e-01
5.500000e-01 2.889000e+01 3.420259e-01
5.600000e-01 2.889000e+01 3.429557e-01
5.700000e-01 2.889000e+01 3.439062e-01
5.800000e-01 2.889000e+01 3.448758e-01
5.900000e-01 2.889000e+01 3.458628e-01
6.000000e-01 2.889000e+01 3.468656e-01
6.100000e-01 2.889000e+01 3.478825e-01
6.200000e-01 2.889000e+01 3.489121e-01
6.300000e-01 2.889000e+01 3.499528e-01
6.400000e-01 2.889000e+01 3.510032e-01
6.500000e-01 2.889000e+01 3.520621e-01
6.600000e-01 2.889000e+01 3.531282e-01
6.700000e-01 2.889000e+01 3.542006e-01
6.800000e-01 2.889000e+01 3.552781e-01
6.900000e-01 2.889000e+01 3.563600e-01
7.000000e-01 2.889000e+01 3.574455e-01
7.100000e-01 2.889000e+01 3.585339e-01
7.200000e-01 2.889000e+01 3.596248e-01
7.300000e-01 2.889000e+01 3.607177e-01
7.400000e-01 2.889000e+01 3.618122e-01
7.500000e-01 2.889000e+01 3.629082e-01
7.600000e-01 2.889000e+01 3.640055e-01
7.700000e-01 2.889000e+01 3.651040e-01
7.800000e-01 2.889000e+01 3.662039e-01
7.900000e-01 2.889000e+01 3.673051e-01
8.000000e-01 2.889000e+01 3.684078e-01
8.100000e-01 2.889000e+01 3.695123e-01
8.200000e-01 2.889000e+01 3.706189e-01
8.300000e-01 2.889000e+01 3.717278e-01
8.400000e-01 2.889000e+01 3.728395e-01
8.500000e-01 2.889000e+01 3.739544e-01
8.600000e-01 2.889000e+01 3.750728e-01
8.700000e-01 2.889000e+01 3.761954e-01
8.800000e-01 2.889000e+01 3.773225e-01
8.900000e-01 2.889000e+01 3.784547e-01
9.000000e-01 2.889000e+01 3.795925e-01
9.100000e-01 2.889000e+01 3.807365e-01
9.200000e-01 2.889000e+01 3.818871e-01
9.300000e-01 2.889000e+01 3.830450e-01
9.400000e-01 2.889000e+01 3.842106e-01
9.500000e-01 2.889000e+01 3.853845e-01
9.600000e-01 2.889000e+01 3.865672e-01
9.700000e-01 2.889000e+01 3.877592e-01
9.800000e-01 2.889000e+01 3.889611e-01
9.900000e-01 2.889000e+01 3.901733e-01
1.000000e+00 2.889000e+01 3.913963e-01
1.010000e+00 2.889000e+01 3.926305e-01
1.020000e+00 2.889000e+01 3.938765e-01
1.030000e+00 2.889000e+01 3.951346e-01
1.040000e+00 2.889000e+01 3.964051e-01
1.050000e+00 2.889000e+01 3.976886e-01
1.060000e+00 2.889000e+01 3.989853e-01
1.070000e+00 2.889000e+01 4.002956e-01
1.080000e+00 2.889000e+01 4.016197e-01
1.090000e+00 2.889000e+01 4.029580e-01
1.100000e+00 2.889000e+01 4.043108e-01
1.110000e+00 2.889000e+01 4.056782e-01
1.120000e+00 2.889000e+01 4.070604e-01
1.130000e+00 2.889000e+01 4.084578e-01
1.140000e+00 2.889000e+01 4.098704e-01
1.150000e+00 2.889000e+01 4.112983e-01
1.160000e+00 2.889000e+01 4.127418e-01
1.170000e+00 2.889000e+01 4.142008e-01
1.180000e+00 2.889000e+01 4.156755e-01
1.190000e+00 2.889000e+01 4.171660e-01
1.200000e+00 2.889000e+01 4.186722e-01
1.210000e+00 2.889000e+01 4.201942e-01
1.220000e+00 2.889000e+01 4.217320e-01
1.230000e+00 2.889000e+01 4.232855e-01
1.240000e+00 2.889000e+01 4.248547e-01
1.250000e+00 2.889000e+01 4.264396e-01
1.260000e+00 2.889000e+01 4.280401e-01
1.270000e+00 2.889000e+01 4.296560e-01
1.280000e+00 2.889000e+01 4.312873e-01
1.290000e+00 2.889000e+01 4.329339e-01
1.300000e+00 2.889000e+01 4.345956e-01
1.310000e+00 2.889000e+01 4.362723e-01
1.320000e+00 2.889000e+01 4.379637e-01
1.330000e+00 2.889000e+01 4.396698e-01
1.340000e+00 2.889000e+01 4.413903e-01
1.350000e+00 2.889000e+01 4.431250e-01
1.360000e+00 2.889000e+01 4.448738e-01
1.370000e+00 2.889000e+01 4.466364e-01
1.380000e+00 2.889000e+01 4.484125e-01
1.390000e+00 2.889000e+01 4.502020e-01
1.400000e+00 2.889000e+01 4.520046e-01
1.410000e+00 2.889000e+01 4.538201e-01
1.420000e+00 2.889000e+01 4.556481e-01
1.430000e+00 2.889000e+01 4.574884e-01
1.440000e+00 2.889000e+01 4.593408e-01
1.450000e+00 2.889000e+01 4.612050e-01
1.460000e+00 2.889000e+01 4.630806e-01
1.470000e+00 2.889000e+01 4.649675e-01
1.480000e+00 2.889000e+01 4.668652e-01
1.490000e+00 2.889000e+01 4.687736e-01
1.500000e+00 2.889000e+01 4.706923e-01
1.510000e+00 2.889000e+01 4.726211e-01
1.520000e+00 2.889000e+01 4.745595e-01
1.530000e+00 2.889000e+01 4.765074e-01
1.540000e+00 2.889000e+01 4.784644e-01
1.550000e+00 2.889000e+01 4.804302e-01
1.560000e+00 2.889000e+01 4.824045e-01
1.570000e+00 2.889000e+01 4.843870e-01
1.580000e+00 2.889000e+01 4.863774e-01
1.590000e+00 2.889000e+01 4.883754e-01
1.600000e+00 2.889000e+01 4.903806e-01
1.610000e+00 2.889000e+01 4.923928e-01
1.620000e+00 2.889000e+01 4.944117e-01
1.630000e+00 2.889000e+01 4.964369e-01
1.640000e+00 2.889000e+01 4.984682e-01
1.650000e+00 2.889000e+01 5.005053e-01
1.660000e+00 2.889000e+01 5.025478e-01
1.670000e+00 2.889000e+01 5.045954e-01
1.680000e+00 2.889000e+01 5.066479e-01
1.690000e+00 2.889000e+01 5.087050e-01
1.700000e+00 2.889000e+01 5.107663e-01
1.710000e+00 2.889000e+01 5.128317e-01
1.720000e+00 2.889000e+01 5.149007e-01
1.730000e+00 2.889000e+01 5.169731e-01
1.740000e+00 2.889000e+01 5.190487e-01
1.750000e+00 2.889000e+01 5.211272e-01
1.760000e+00 2.889000e+01 5.232082e-01
1.770000e+00 2.889000e+01 5.252915e-01
1.780000e+00 2.889000e+01 5.273769e-01
1.790000e+00 2.889000e+01 5.294640e-01
1.800000e+00 2.889000e+01 5.315527e-01
1.810000e+00 2.889000e+01 5.336426e-01
1.820000e+00 2.889000e+01 5.357335e-01
1.830000e+00 2.889000e+01 5.378252e-01
1.840000e+00 2.889000e+01 5.399174e-01
1.850000e+00 2.889000e+01 5.420098e-01
1.860000e+00 2.889000e+01 5.441023e-01
1.870000e+00 2.889000e+01 5.461945e-01
1.880000e+00 2.889000e+01 5.482864e-01
1.890000e+00 2.889000e+01 5.503775e-01
1.900000e+00 2.889000e+01 5.524677e-01
1.910000e+00 2.889000e+01 5.545569e-01
1.920000e+00 2.889000e+01 5.566446e-01
1.930000e+00 2.889000e+01 5.587309e-01
1.940000e+00 2.889000e+01 5.608154e-01
1.950000e+00 2.889000e+01 5.628979e-01
1.960000e+00 2.889000e+01 5.649783e-01
1.970000e+00 2.889000e+01 5.670563e-01
1.980000e+00 2.889000e+01 5.691317e-01
1.990000e+00 2.889000e+01 5.712044e-01
2.000000e+00 2.889000e+01 5.732742e-01
2.010000e+00 2.889000e+01 5.753408e-01
2.020000e+00 2.889000e+01 5.774042e-01
2.030000e+00 2.889000e+01 5.794641e-01
2.040000e+00 2.889000e+01 5.815204e-01
2.050000e+00 2.889000e+01 5.835729e-01
2.060000e+00 2.889000e+01 5.856214e-01
2.070000e+00 2.889000e+01 5.876657e-01
2.080000e+00 2.889000e+01 5.897058e-01
2.090000e+00 2.889000e+01 5.917415e-01
2.100000e+00 2.889000e+01 5.937725e-01
2.110000e+00 2.889000e+01 5.957989e-01
2.120000e+00 2.889000e+01 5.978203e-01
2.130000e+00 2.889000e+01 5.998367e-01
2.140000e+00 2.889000e+01 6.018480e-01
2.150000e+00 2.889000e+01 6.038541e-01
2.160000e+00 2.889000e+01 6.058547e-01
2.170000e+00 2.889000e+01 6.078497e-01
2.180000e+00 2.889000e+01 6.098391e-01
2.190000e+00 2.889000e+01 6.118228e-01
2.200000e+00 2.889000e+01 6.138005e-01
2.210000e+00 2.889000e+01 6.157723e-01
2.220000e+00 2.889000e+01 6.177379e-01
2.230000e+00 2.889000e+01 6.196973e-01
2.240000e+00 2.889000e+01 6.216504e-01
2.250000e+00 2.889000e+01 6.235970e-01
2.260000e+00 2.889000e+01 6.255371e-01
2.270000e+00 2.889000e+01 6.274707e-01
2.280000e+00 2.889000e+01 6.293975e-01
2.290000e+00 2.889000e+01 6.313174e-01
2.300000e+00 2.889000e+01 6.332306e-01
2.310000e+00 2.889000e+01 6.351367e-01
2.320000e+00 2.889000e+01 6.370358e-01
2.330000e+00 2.889000e+01 6.389278e-01
2.340000e+00 2.889000e+01 6.408125e-01
2.350000e+00 2.889000e+01 6.426900e-01
2.360000e+00 2.889000e+01 6.445601e-01
2.370000e+00 2.889000e+01 6.464228e-01
2.380000e+00 2.889000e+01 6.482780e-01
2.390000e+00 2.889000e+01 6.501257e-01
2.400000e+00 2.889000e+01 6.519658e-01
2.410000e+00 2.889000e+01 6.537982e-01
2.420000e+00 2.889000e+01 6.556228e-01
2.430000e+00 2.889000e+01 6.574397e-01
2.440000e+00 2.889000e+01 6.592487e-01
2.450000e+00 2.889000e+01 6.610499e-01
2.460000e+00 2.889000e+01 6.628431e-01
2.470000e+00 2.889000e+01 6.646284e-01
2.480000e+00 2.889000e+01 6.664056e-01
2.490000e+00 2.889000e+01 6.681748e-01
2.500000e+00 2.889000e+01 nan
