# T_ab [mK] in PLTS2000 scale vs pressure [bar]
# P he3_tab_plts
3.430000e+01 1.897677e+00
3.430100e+01 1.897652e+00
3.430200e+01 1.897626e+00
3.430300e+01 1.897601e+00
3.430400e+01 1.897576e+00
3.430500e+01 1.897551e+00
3.430600e+01 1.897526e+00
3.430700e+01 1.897501e+00
3.430800e+01 1.897476e+00
3.430900e+01 1.897451e+00
3.431000e+01 1.897426e+00
3.431100e+01 1.897401e+00
3.431200e+01 1.897376e+00
3.431300e+01 1.897351e+00
3.431400e+01 1.897326e+00
3.431500e+01 1.897301e+00
3.431600e+01 1.897276e+00
3.431700e+01 1.897251e+00
3.431800e+01 1.897226e+00
3.431900e+01 1.897201e+00
3.432000e+01 1.897176e+00
3.432100e+01 1.897151e+00
3.432200e+01 1.897126e+00
3.432300e+01 1.897101e+00
3.432400e+01 1.897076e+00
3.432500e+01 1.897051e+00
3.432600e+01 1.897026e+00
3.432700e+01 1.897001e+00
3.432800e+01 1.896976e+00
3.432900e+01 1.896951e+00
3.433000e+01 1.896926e+00
3.433100e+01 1.896901e+00
3.433200e+01 1.896876e+00
3.433300e+01 1.896851e+00
3.433400e+01 1.896826e+00
3.433500e+01 1.896801e+00
3.433600e+01 1.896776e+00
3.433700e+01 1.896751e+00
3.433800e+01 1.896726e+00
3.433900e+01 1.896701e+00
3.434000e+01 1.896676e+00
3.434100e+01 1.896651e+00
3.434200e+01 1.896626e+00
3.434300e+01 1.896602e+00
3.434400e+01 1.896577e+00
3.434500e+01 1.896552e+00
3.434600e+01 1.896527e+00
3.434700e+01 1.896502e+00
3.434800e+01 1.896477e+00
3.434900e+01 1.896452e+00
3.435000e+01 1.896427e+00
3.435100e+01 1.896402e+00
3.435200e+01 1.896377e+00
3.435300e+01 1.896353e+00
3.435400e+01 1.896328e+00
3.435500e+01 1.896303e+00
3.435600e+01 1.896278e+00
3.435700e+01 1.896253e+00
3.435800e+01 1.896228e+00
3.435900e+01 1.896204e+00
3.436000e+01 1.896179e+00
3.436100e+01 nan
