# T_ab [mK] vs P [bar] (Greywall86)
# P he3_tab
2.200000e+01 2.262059e+00
2.210000e+01 2.260295e+00
2.220000e+01 2.258463e+00
2.230000e+01 2.256565e+00
2.240000e+01 2.254607e+00
2.250000e+01 2.252590e+00
2.260000e+01 2.250518e+00
2.270000e+01 2.248396e+00
2.280000e+01 2.246224e+00
2.290000e+01 2.244008e+00
2.300000e+01 2.241749e+00
2.310000e+01 2.239451e+00
2.320000e+01 2.237115e+00
2.330000e+01 2.234745e+00
2.340000e+01 2.232342e+00
2.350000e+01 2.229910e+00
2.360000e+01 2.227451e+00
2.370000e+01 2.224966e+00
2.380000e+01 2.222457e+00
2.390000e+01 2.219927e+00
2.400000e+01 2.217377e+00
2.410000e+01 2.214809e+00
2.420000e+01 2.212225e+00
2.430000e+01 2.209625e+00
2.440000e+01 2.207013e+00
2.450000e+01 2.204388e+00
2.460000e+01 2.201753e+00
2.470000e+01 2.199108e+00
2.480000e+01 2.196455e+00
2.490000e+01 2.193795e+00
2.500000e+01 2.191128e+00
2.510000e+01 2.188456e+00
2.520000e+01 2.185779e+00
2.530000e+01 2.183098e+00
2.540000e+01 2.180415e+00
2.550000e+01 2.177728e+00
2.560000e+01 2.175040e+00
2.570000e+01 2.172350e+00
2.580000e+01 2.169660e+00
2.590000e+01 2.166968e+00
2.600000e+01 2.164277e+00
2.610000e+01 2.161586e+00
2.620000e+01 2.158894e+00
2.630000e+01 2.156204e+00
2.640000e+01 2.153514e+00
2.650000e+01 2.150824e+00
2.660000e+01 2.148136e+00
2.670000e+01 2.145448e+00
2.680000e+01 2.142761e+00
2.690000e+01 2.140075e+00
2.700000e+01 2.137389e+00
2.710000e+01 2.134704e+00
2.720000e+01 2.132019e+00
2.730000e+01 2.129335e+00
2.740000e+01 2.126650e+00
2.750000e+01 2.123965e+00
2.760000e+01 2.121280e+00
2.770000e+01 2.118593e+00
2.780000e+01 2.115906e+00
2.790000e+01 2.113217e+00
2.800000e+01 2.110527e+00
2.810000e+01 2.107834e+00
2.820000e+01 2.105140e+00
2.830000e+01 2.102442e+00
2.840000e+01 2.099741e+00
2.850000e+01 2.097037e+00
2.860000e+01 2.094329e+00
2.870000e+01 2.091617e+00
2.880000e+01 2.088901e+00
2.890000e+01 2.086179e+00
2.900000e+01 2.083453e+00
2.910000e+01 2.080721e+00
2.920000e+01 2.077983e+00
2.930000e+01 2.075239e+00
2.940000e+01 2.072488e+00
2.950000e+01 2.069731e+00
2.960000e+01 2.066966e+00
2.970000e+01 2.064195e+00
2.980000e+01 2.061416e+00
2.990000e+01 2.058629e+00
3.000000e+01 2.055835e+00
3.010000e+01 2.053033e+00
3.020000e+01 2.050222e+00
3.030000e+01 2.047404e+00
3.040000e+01 2.044577e+00
3.050000e+01 2.041743e+00
3.060000e+01 2.038900e+00
3.070000e+01 2.036049e+00
3.080000e+01 2.033191e+00
3.090000e+01 2.030325e+00
3.100000e+01 2.027451e+00
3.110000e+01 2.024570e+00
3.120000e+01 2.021683e+00
3.130000e+01 2.018789e+00
3.140000e+01 2.015888e+00
3.150000e+01 2.012983e+00
3.160000e+01 2.010072e+00
3.170000e+01 2.007157e+00
3.180000e+01 2.004239e+00
3.190000e+01 2.001317e+00
3.200000e+01 1.998393e+00
3.210000e+01 1.995468e+00
3.220000e+01 1.992543e+00
3.230000e+01 1.989619e+00
3.240000e+01 1.986696e+00
3.250000e+01 1.983777e+00
3.260000e+01 1.980862e+00
3.270000e+01 1.977952e+00
3.280000e+01 1.975050e+00
3.290000e+01 1.972156e+00
3.300000e+01 1.969272e+00
3.310000e+01 1.966401e+00
3.320000e+01 1.963543e+00
3.330000e+01 1.960701e+00
3.340000e+01 1.957876e+00
3.350000e+01 1.955071e+00
3.360000e+01 1.952288e+00
3.370000e+01 1.949529e+00
3.380000e+01 1.946797e+00
3.390000e+01 1.944094e+00
3.400000e+01 1.941422e+00
3.410000e+01 1.938785e+00
3.420000e+01 1.936185e+00
3.430000e+01 1.933625e+00
3.440000e+01 nan
