# T_ab [mK] vs P [bar] (Greywall86)
# P he3_tab
2.120000e+01 2.272434e+00
2.189253e+01 2.263873e+00
2.258505e+01 2.250831e+00
2.327758e+01 2.235279e+00
2.397011e+01 2.218141e+00
2.466263e+01 2.200098e+00
2.535516e+01 2.181618e+00
2.604768e+01 2.162994e+00
2.674021e+01 2.144368e+00
2.743274e+01 2.125771e+00
2.812526e+01 2.107154e+00
2.881779e+01 2.088417e+00
2.951032e+01 2.069446e+00
3.020284e+01 2.050142e+00
3.089537e+01 2.030458e+00
3.158789e+01 2.010425e+00
3.228042e+01 1.990191e+00
3.297295e+01 1.970051e+00
3.366547e+01 1.950479e+00
3.435800e+01 1.932160e+00
