# Fomin's spin wave velocity c_perp
# ttc p he3_cperp
0.000000e+00 0.000000e+00 2.170362e+03
0.000000e+00 1.789474e+00 2.021388e+03
0.000000e+00 3.578947e+00 1.904879e+03
0.000000e+00 5.368421e+00 1.810593e+03
0.000000e+00 7.157895e+00 1.731605e+03
0.000000e+00 8.947368e+00 1.663286e+03
0.000000e+00 1.073684e+01 1.602596e+03
0.000000e+00 1.252632e+01 1.547591e+03
0.000000e+00 1.431579e+01 1.497066e+03
0.000000e+00 1.610526e+01 1.450294e+03
0.000000e+00 1.789474e+01 1.406836e+03
0.000000e+00 1.968421e+01 1.366403e+03
0.000000e+00 2.147368e+01 1.328765e+03
0.000000e+00 2.326316e+01 1.293690e+03
0.000000e+00 2.505263e+01 1.260921e+03
0.000000e+00 2.684211e+01 1.230168e+03
0.000000e+00 2.863158e+01 1.201128e+03
0.000000e+00 3.042105e+01 1.173518e+03
0.000000e+00 3.221053e+01 1.147121e+03
0.000000e+00 3.400000e+01 1.121848e+03
