# Experimental value of Dipolar coefficient g_d, [1/(erg cm3)]
# P he3_gd
0.000000e+00 2.773300e+31
1.789474e+00 2.791748e+31
3.578947e+00 2.826303e+31
5.368421e+00 2.876966e+31
7.157895e+00 2.943735e+31
8.947368e+00 3.026612e+31
1.073684e+01 3.125596e+31
1.252632e+01 3.240687e+31
1.431579e+01 3.371885e+31
1.610526e+01 3.519190e+31
1.789474e+01 3.682602e+31
1.968421e+01 3.862122e+31
2.147368e+01 4.057749e+31
2.326316e+01 4.269483e+31
2.505263e+01 4.497324e+31
2.684211e+01 4.741272e+31
2.863158e+01 5.001327e+31
3.042105e+01 5.277489e+31
3.221053e+01 5.569759e+31
3.400000e+01 5.878136e+31
