# T_c [mK] vs P [bar] (Greywall86)
# P he3_tc
3.430000e+01 2.490165e+00
3.430100e+01 2.490178e+00
3.430200e+01 2.490191e+00
3.430300e+01 2.490203e+00
3.430400e+01 2.490216e+00
3.430500e+01 2.490228e+00
3.430600e+01 2.490241e+00
3.430700e+01 2.490254e+00
3.430800e+01 2.490266e+00
3.430900e+01 2.490279e+00
3.431000e+01 2.490291e+00
3.431100e+01 2.490304e+00
3.431200e+01 2.490317e+00
3.431300e+01 2.490329e+00
3.431400e+01 2.490342e+00
3.431500e+01 2.490354e+00
3.431600e+01 2.490367e+00
3.431700e+01 2.490380e+00
3.431800e+01 2.490392e+00
3.431900e+01 2.490405e+00
3.432000e+01 2.490418e+00
3.432100e+01 2.490430e+00
3.432200e+01 2.490443e+00
3.432300e+01 2.490455e+00
3.432400e+01 2.490468e+00
3.432500e+01 2.490481e+00
3.432600e+01 2.490493e+00
3.432700e+01 2.490506e+00
3.432800e+01 2.490519e+00
3.432900e+01 2.490531e+00
3.433000e+01 2.490544e+00
3.433100e+01 2.490556e+00
3.433200e+01 2.490569e+00
3.433300e+01 2.490582e+00
3.433400e+01 2.490594e+00
3.433500e+01 2.490607e+00
3.433600e+01 2.490620e+00
3.433700e+01 2.490632e+00
3.433800e+01 2.490645e+00
3.433900e+01 nan
