# Fomin's spin wave velocity c_par
# ttc p he3_cpar
0.000000e+00 0.000000e+00 2.484495e+03
0.000000e+00 1.789474e+00 2.313824e+03
0.000000e+00 3.578947e+00 2.180334e+03
0.000000e+00 5.368421e+00 2.072293e+03
0.000000e+00 7.157895e+00 1.981774e+03
0.000000e+00 8.947368e+00 1.903474e+03
0.000000e+00 1.073684e+01 1.833913e+03
0.000000e+00 1.252632e+01 1.770866e+03
0.000000e+00 1.431579e+01 1.712952e+03
0.000000e+00 1.610526e+01 1.659339e+03
0.000000e+00 1.789474e+01 1.609523e+03
0.000000e+00 1.968421e+01 1.563174e+03
0.000000e+00 2.147368e+01 1.520027e+03
0.000000e+00 2.326316e+01 1.479817e+03
0.000000e+00 2.505263e+01 1.442249e+03
0.000000e+00 2.684211e+01 1.406992e+03
0.000000e+00 2.863158e+01 1.373697e+03
0.000000e+00 3.042105e+01 1.342042e+03
0.000000e+00 3.221053e+01 1.311778e+03
0.000000e+00 3.400000e+01 1.282802e+03
