# optical magnon spectrum, simple formula
# ttc P H kv ak bk an bn he3b_spec2s
0.000000e+00 0.000000e+00 0.000000e+00 0.000000e+00 0.000000e+00 0.000000e+00 0.000000e+00 5.236000e-01 2.779577e+05
0.000000e+00 0.000000e+00 1.000000e+00 0.000000e+00 0.000000e+00 0.000000e+00 0.000000e+00 5.236000e-01 2.883334e+05
0.000000e+00 0.000000e+00 2.000000e+00 0.000000e+00 0.000000e+00 0.000000e+00 0.000000e+00 5.236000e-01 2.990817e+05
0.000000e+00 0.000000e+00 3.000000e+00 0.000000e+00 0.000000e+00 0.000000e+00 0.000000e+00 5.236000e-01 3.102004e+05
0.000000e+00 0.000000e+00 4.000000e+00 0.000000e+00 0.000000e+00 0.000000e+00 0.000000e+00 5.236000e-01 3.216858e+05
0.000000e+00 0.000000e+00 5.000000e+00 0.000000e+00 0.000000e+00 0.000000e+00 0.000000e+00 5.236000e-01 3.335328e+05
0.000000e+00 0.000000e+00 6.000000e+00 0.000000e+00 0.000000e+00 0.000000e+00 0.000000e+00 5.236000e-01 3.457352e+05
0.000000e+00 0.000000e+00 7.000000e+00 0.000000e+00 0.000000e+00 0.000000e+00 0.000000e+00 5.236000e-01 3.582854e+05
0.000000e+00 0.000000e+00 8.000000e+00 0.000000e+00 0.000000e+00 0.000000e+00 0.000000e+00 5.236000e-01 3.711750e+05
0.000000e+00 0.000000e+00 9.000000e+00 0.000000e+00 0.000000e+00 0.000000e+00 0.000000e+00 5.236000e-01 3.843946e+05
0.000000e+00 0.000000e+00 1.000000e+01 0.000000e+00 0.000000e+00 0.000000e+00 0.000000e+00 5.236000e-01 3.979340e+05
0.000000e+00 0.000000e+00 1.100000e+01 0.000000e+00 0.000000e+00 0.000000e+00 0.000000e+00 5.236000e-01 4.117825e+05
0.000000e+00 0.000000e+00 1.200000e+01 0.000000e+00 0.000000e+00 0.000000e+00 0.000000e+00 5.236000e-01 4.259289e+05
0.000000e+00 0.000000e+00 1.300000e+01 0.000000e+00 0.000000e+00 0.000000e+00 0.000000e+00 5.236000e-01 4.403617e+05
0.000000e+00 0.000000e+00 1.400000e+01 0.000000e+00 0.000000e+00 0.000000e+00 0.000000e+00 5.236000e-01 4.550694e+05
0.000000e+00 0.000000e+00 1.500000e+01 0.000000e+00 0.000000e+00 0.000000e+00 0.000000e+00 5.236000e-01 4.700400e+05
0.000000e+00 0.000000e+00 1.600000e+01 0.000000e+00 0.000000e+00 0.000000e+00 0.000000e+00 5.236000e-01 4.852620e+05
0.000000e+00 0.000000e+00 1.700000e+01 0.000000e+00 0.000000e+00 0.000000e+00 0.000000e+00 5.236000e-01 5.007236e+05
0.000000e+00 0.000000e+00 1.800000e+01 0.000000e+00 0.000000e+00 0.000000e+00 0.000000e+00 5.236000e-01 5.164137e+05
0.000000e+00 0.000000e+00 1.900000e+01 0.000000e+00 0.000000e+00 0.000000e+00 0.000000e+00 5.236000e-01 5.323209e+05
0.000000e+00 0.000000e+00 2.000000e+01 0.000000e+00 0.000000e+00 0.000000e+00 0.000000e+00 5.236000e-01 5.484346e+05
0.000000e+00 0.000000e+00 2.100000e+01 0.000000e+00 0.000000e+00 0.000000e+00 0.000000e+00 5.236000e-01 5.647442e+05
0.000000e+00 0.000000e+00 2.200000e+01 0.000000e+00 0.000000e+00 0.000000e+00 0.000000e+00 5.236000e-01 5.812396e+05
0.000000e+00 0.000000e+00 2.300000e+01 0.000000e+00 0.000000e+00 0.000000e+00 0.000000e+00 5.236000e-01 5.979113e+05
0.000000e+00 0.000000e+00 2.400000e+01 0.000000e+00 0.000000e+00 0.000000e+00 0.000000e+00 5.236000e-01 6.147499e+05
0.000000e+00 0.000000e+00 2.500000e+01 0.000000e+00 0.000000e+00 0.000000e+00 0.000000e+00 5.236000e-01 6.317466e+05
0.000000e+00 0.000000e+00 2.600000e+01 0.000000e+00 0.000000e+00 0.000000e+00 0.000000e+00 5.236000e-01 6.488930e+05
0.000000e+00 0.000000e+00 2.700000e+01 0.000000e+00 0.000000e+00 0.000000e+00 0.000000e+00 5.236000e-01 6.661812e+05
0.000000e+00 0.000000e+00 2.800000e+01 0.000000e+00 0.000000e+00 0.000000e+00 0.000000e+00 5.236000e-01 6.836034e+05
0.000000e+00 0.000000e+00 2.900000e+01 0.000000e+00 0.000000e+00 0.000000e+00 0.000000e+00 5.236000e-01 7.011527e+05
0.000000e+00 0.000000e+00 3.000000e+01 0.000000e+00 0.000000e+00 0.000000e+00 0.000000e+00 5.236000e-01 7.188221e+05
0.000000e+00 0.000000e+00 3.100000e+01 0.000000e+00 0.000000e+00 0.000000e+00 0.000000e+00 5.236000e-01 7.366052e+05
0.000000e+00 0.000000e+00 3.200000e+01 0.000000e+00 0.000000e+00 0.000000e+00 0.000000e+00 5.236000e-01 7.544961e+05
0.000000e+00 0.000000e+00 3.300000e+01 0.000000e+00 0.000000e+00 0.000000e+00 0.000000e+00 5.236000e-01 7.724890e+05
0.000000e+00 0.000000e+00 3.400000e+01 0.000000e+00 0.000000e+00 0.000000e+00 0.000000e+00 5.236000e-01 7.905785e+05
0.000000e+00 0.000000e+00 3.500000e+01 0.000000e+00 0.000000e+00 0.000000e+00 0.000000e+00 5.236000e-01 8.087596e+05
0.000000e+00 0.000000e+00 3.600000e+01 0.000000e+00 0.000000e+00 0.000000e+00 0.000000e+00 5.236000e-01 8.270275e+05
0.000000e+00 0.000000e+00 3.700000e+01 0.000000e+00 0.000000e+00 0.000000e+00 0.000000e+00 5.236000e-01 8.453777e+05
0.000000e+00 0.000000e+00 3.800000e+01 0.000000e+00 0.000000e+00 0.000000e+00 0.000000e+00 5.236000e-01 8.638059e+05
0.000000e+00 0.000000e+00 3.900000e+01 0.000000e+00 0.000000e+00 0.000000e+00 0.000000e+00 5.236000e-01 8.823083e+05
0.000000e+00 0.000000e+00 4.000000e+01 0.000000e+00 0.000000e+00 0.000000e+00 0.000000e+00 5.236000e-01 9.008810e+05
0.000000e+00 0.000000e+00 4.100000e+01 0.000000e+00 0.000000e+00 0.000000e+00 0.000000e+00 5.236000e-01 9.195206e+05
0.000000e+00 0.000000e+00 4.200000e+01 0.000000e+00 0.000000e+00 0.000000e+00 0.000000e+00 5.236000e-01 9.382236e+05
0.000000e+00 0.000000e+00 4.300000e+01 0.000000e+00 0.000000e+00 0.000000e+00 0.000000e+00 5.236000e-01 9.569870e+05
0.000000e+00 0.000000e+00 4.400000e+01 0.000000e+00 0.000000e+00 0.000000e+00 0.000000e+00 5.236000e-01 9.758079e+05
0.000000e+00 0.000000e+00 4.500000e+01 0.000000e+00 0.000000e+00 0.000000e+00 0.000000e+00 5.236000e-01 9.946834e+05
0.000000e+00 0.000000e+00 4.600000e+01 0.000000e+00 0.000000e+00 0.000000e+00 0.000000e+00 5.236000e-01 1.013611e+06
0.000000e+00 0.000000e+00 4.700000e+01 0.000000e+00 0.000000e+00 0.000000e+00 0.000000e+00 5.236000e-01 1.032588e+06
0.000000e+00 0.000000e+00 4.800000e+01 0.000000e+00 0.000000e+00 0.000000e+00 0.000000e+00 5.236000e-01 1.051613e+06
0.000000e+00 0.000000e+00 4.900000e+01 0.000000e+00 0.000000e+00 0.000000e+00 0.000000e+00 5.236000e-01 1.070682e+06
0.000000e+00 0.000000e+00 5.000000e+01 0.000000e+00 0.000000e+00 0.000000e+00 0.000000e+00 5.236000e-01 1.089795e+06
0.000000e+00 0.000000e+00 5.100000e+01 0.000000e+00 0.000000e+00 0.000000e+00 0.000000e+00 5.236000e-01 1.108948e+06
0.000000e+00 0.000000e+00 5.200000e+01 0.000000e+00 0.000000e+00 0.000000e+00 0.000000e+00 5.236000e-01 1.128141e+06
0.000000e+00 0.000000e+00 5.300000e+01 0.000000e+00 0.000000e+00 0.000000e+00 0.000000e+00 5.236000e-01 1.147371e+06
0.000000e+00 0.000000e+00 5.400000e+01 0.000000e+00 0.000000e+00 0.000000e+00 0.000000e+00 5.236000e-01 1.166637e+06
0.000000e+00 0.000000e+00 5.500000e+01 0.000000e+00 0.000000e+00 0.000000e+00 0.000000e+00 5.236000e-01 1.185937e+06
0.000000e+00 0.000000e+00 5.600000e+01 0.000000e+00 0.000000e+00 0.000000e+00 0.000000e+00 5.236000e-01 1.205270e+06
0.000000e+00 0.000000e+00 5.700000e+01 0.000000e+00 0.000000e+00 0.000000e+00 0.000000e+00 5.236000e-01 1.224635e+06
0.000000e+00 0.000000e+00 5.800000e+01 0.000000e+00 0.000000e+00 0.000000e+00 0.000000e+00 5.236000e-01 1.244029e+06
0.000000e+00 0.000000e+00 5.900000e+01 0.000000e+00 0.000000e+00 0.000000e+00 0.000000e+00 5.236000e-01 1.263452e+06
0.000000e+00 0.000000e+00 6.000000e+01 0.000000e+00 0.000000e+00 0.000000e+00 0.000000e+00 5.236000e-01 1.282903e+06
0.000000e+00 0.000000e+00 6.100000e+01 0.000000e+00 0.000000e+00 0.000000e+00 0.000000e+00 5.236000e-01 1.302381e+06
0.000000e+00 0.000000e+00 6.200000e+01 0.000000e+00 0.000000e+00 0.000000e+00 0.000000e+00 5.236000e-01 1.321883e+06
0.000000e+00 0.000000e+00 6.300000e+01 0.000000e+00 0.000000e+00 0.000000e+00 0.000000e+00 5.236000e-01 1.341410e+06
0.000000e+00 0.000000e+00 6.400000e+01 0.000000e+00 0.000000e+00 0.000000e+00 0.000000e+00 5.236000e-01 1.360961e+06
0.000000e+00 0.000000e+00 6.500000e+01 0.000000e+00 0.000000e+00 0.000000e+00 0.000000e+00 5.236000e-01 1.380534e+06
0.000000e+00 0.000000e+00 6.600000e+01 0.000000e+00 0.000000e+00 0.000000e+00 0.000000e+00 5.236000e-01 1.400129e+06
0.000000e+00 0.000000e+00 6.700000e+01 0.000000e+00 0.000000e+00 0.000000e+00 0.000000e+00 5.236000e-01 1.419745e+06
0.000000e+00 0.000000e+00 6.800000e+01 0.000000e+00 0.000000e+00 0.000000e+00 0.000000e+00 5.236000e-01 1.439380e+06
0.000000e+00 0.000000e+00 6.900000e+01 0.000000e+00 0.000000e+00 0.000000e+00 0.000000e+00 5.236000e-01 1.459035e+06
0.000000e+00 0.000000e+00 7.000000e+01 0.000000e+00 0.000000e+00 0.000000e+00 0.000000e+00 5.236000e-01 1.478709e+06
0.000000e+00 0.000000e+00 7.100000e+01 0.000000e+00 0.000000e+00 0.000000e+00 0.000000e+00 5.236000e-01 1.498400e+06
0.000000e+00 0.000000e+00 7.200000e+01 0.000000e+00 0.000000e+00 0.000000e+00 0.000000e+00 5.236000e-01 1.518109e+06
0.000000e+00 0.000000e+00 7.300000e+01 0.000000e+00 0.000000e+00 0.000000e+00 0.000000e+00 5.236000e-01 1.537834e+06
0.000000e+00 0.000000e+00 7.400000e+01 0.000000e+00 0.000000e+00 0.000000e+00 0.000000e+00 5.236000e-01 1.557575e+06
0.000000e+00 0.000000e+00 7.500000e+01 0.000000e+00 0.000000e+00 0.000000e+00 0.000000e+00 5.236000e-01 1.577332e+06
0.000000e+00 0.000000e+00 7.600000e+01 0.000000e+00 0.000000e+00 0.000000e+00 0.000000e+00 5.236000e-01 1.597103e+06
0.000000e+00 0.000000e+00 7.700000e+01 0.000000e+00 0.000000e+00 0.000000e+00 0.000000e+00 5.236000e-01 1.616889e+06
0.000000e+00 0.000000e+00 7.800000e+01 0.000000e+00 0.000000e+00 0.000000e+00 0.000000e+00 5.236000e-01 1.636689e+06
0.000000e+00 0.000000e+00 7.900000e+01 0.000000e+00 0.000000e+00 0.000000e+00 0.000000e+00 5.236000e-01 1.656503e+06
0.000000e+00 0.000000e+00 8.000000e+01 0.000000e+00 0.000000e+00 0.000000e+00 0.000000e+00 5.236000e-01 1.676329e+06
